Nama File =file1.dat
Time Sampling =0.0005
1  0.0005 0.000000
2  0.0010 2.080000
3  0.0015 0.300000
4  0.0020 1.280000
5  0.0025 1.300000
6  0.0030 1.340000
7  0.0035 1.340000
8  0.0040 1.380000
9  0.0045 1.420000
10  0.0050 1.440000
11  0.0055 1.480000
12  0.0060 1.500000
13  0.0065 1.520000
14  0.0070 1.560000
15  0.0075 1.560000
16  0.0080 1.600000
17  0.0085 1.640000
18  0.0090 1.660000
19  0.0095 1.700000
20  0.0100 1.720000
21  0.0105 1.740000
22  0.0110 1.780000
23  0.0115 1.800000
24  0.0120 1.820000
25  0.0125 1.840000
26  0.0130 1.880000
27  0.0135 1.880000
28  0.0140 1.920000
29  0.0145 1.980000
30  0.0150 2.000000
31  0.0155 2.020000
32  0.0160 2.060000
33  0.0165 2.100000
34  0.0170 2.120000
35  0.0175 2.160000
36  0.0180 2.180000
37  0.0185 2.220000
38  0.0190 2.220000
39  0.0195 2.280000
40  0.0200 2.280000
41  0.0205 2.320000
42  0.0210 2.340000
43  0.0215 2.380000
44  0.0220 2.420000
45  0.0225 2.440000
46  0.0230 2.480000
47  0.0235 2.480000
48  0.0240 2.500000
49  0.0245 2.520000
50  0.0250 5.100000
51  0.0255 0.300000
52  0.0260 2.620000
53  0.0265 2.640000
54  0.0270 2.680000
55  0.0275 2.720000
56  0.0280 2.720000
57  0.0285 2.760000
58  0.0290 2.780000
59  0.0295 2.800000
60  0.0300 2.840000
61  0.0305 2.860000
62  0.0310 2.900000
63  0.0315 2.900000
64  0.0320 2.920000
65  0.0325 2.960000
66  0.0330 2.960000
67  0.0335 3.020000
68  0.0340 3.040000
69  0.0345 3.060000
70  0.0350 3.080000
71  0.0355 3.100000
72  0.0360 3.140000
73  0.0365 3.160000
74  0.0370 3.180000
75  0.0375 3.200000
76  0.0380 3.220000
77  0.0385 3.240000
78  0.0390 3.280000
79  0.0395 3.280000
80  0.0400 3.300000
81  0.0405 3.320000
82  0.0410 3.360000
83  0.0415 3.380000
84  0.0420 3.400000
85  0.0425 3.400000
86  0.0430 3.420000
87  0.0435 3.400000
88  0.0440 3.460000
89  0.0445 3.480000
90  0.0450 3.500000
91  0.0455 3.520000
92  0.0460 3.520000
93  0.0465 3.540000
94  0.0470 3.560000
95  0.0475 3.560000
96  0.0480 3.580000
97  0.0485 3.600000
98  0.0490 3.620000
99  0.0495 3.620000
100  0.0500 3.640000
101  0.0505 3.660000
102  0.0510 3.660000
103  0.0515 3.700000
104  0.0520 3.680000
105  0.0525 3.700000
106  0.0530 3.720000
107  0.0535 3.720000
108  0.0540 3.740000
109  0.0545 3.760000
110  0.0550 3.760000
111  0.0555 3.780000
112  0.0560 3.780000
113  0.0565 3.780000
114  0.0570 3.800000
115  0.0575 3.800000
116  0.0580 3.820000
117  0.0585 3.800000
118  0.0590 3.820000
119  0.0595 3.820000
120  0.0600 3.820000
121  0.0605 3.820000
122  0.0610 3.820000
123  0.0615 3.820000
124  0.0620 3.820000
125  0.0625 0.300000
126  0.0630 3.860000
127  0.0635 3.860000
128  0.0640 3.840000
129  0.0645 3.860000
130  0.0650 3.840000
131  0.0655 3.860000
132  0.0660 3.840000
133  0.0665 3.840000
134  0.0670 3.860000
135  0.0675 3.820000
136  0.0680 3.820000
137  0.0685 3.820000
138  0.0690 3.820000
139  0.0695 3.800000
140  0.0700 3.800000
141  0.0705 3.800000
142  0.0710 3.820000
143  0.0715 3.800000
144  0.0720 3.800000
145  0.0725 3.780000
146  0.0730 3.800000
147  0.0735 3.780000
148  0.0740 3.760000
149  0.0745 3.760000
150  0.0750 3.740000
151  0.0755 3.740000
152  0.0760 3.740000
153  0.0765 3.720000
154  0.0770 3.720000
155  0.0775 3.700000
156  0.0780 3.680000
157  0.0785 3.660000
158  0.0790 3.640000
159  0.0795 3.640000
160  0.0800 3.620000
161  0.0805 3.600000
162  0.0810 3.600000
163  0.0815 3.580000
164  0.0820 3.540000
165  0.0825 3.540000
166  0.0830 3.540000
167  0.0835 3.500000
168  0.0840 3.500000
169  0.0845 3.480000
170  0.0850 3.460000
171  0.0855 3.440000
172  0.0860 3.440000
173  0.0865 3.400000
174  0.0870 3.380000
175  0.0875 3.380000
176  0.0880 3.340000
177  0.0885 3.340000
178  0.0890 3.300000
179  0.0895 3.280000
180  0.0900 3.260000
181  0.0905 3.240000
182  0.0910 3.220000
183  0.0915 3.180000
184  0.0920 3.180000
185  0.0925 3.180000
186  0.0930 3.140000
187  0.0935 3.100000
188  0.0940 3.080000
189  0.0945 3.060000
190  0.0950 3.040000
191  0.0955 3.020000
192  0.0960 3.000000
193  0.0965 2.980000
194  0.0970 2.960000
195  0.0975 2.920000
196  0.0980 2.880000
197  0.0985 2.860000
198  0.0990 2.840000
199  0.0995 2.800000
200  0.1000 2.760000
201  0.1005 2.740000
202  0.1010 2.720000
203  0.1015 2.700000
204  0.1020 2.660000
205  0.1025 2.660000
206  0.1030 2.620000
207  0.1035 2.580000
208  0.1040 2.560000
209  0.1045 2.520000
210  0.1050 2.500000
211  0.1055 2.480000
212  0.1060 2.460000
213  0.1065 2.420000
214  0.1070 2.400000
215  0.1075 2.380000
216  0.1080 2.340000
217  0.1085 2.320000
218  0.1090 2.280000
219  0.1095 2.260000
220  0.1100 2.220000
221  0.1105 2.200000
222  0.1110 2.160000
223  0.1115 2.140000
224  0.1120 2.100000
225  0.1125 2.080000
226  0.1130 2.060000
227  0.1135 2.020000
228  0.1140 2.000000
229  0.1145 1.960000
230  0.1150 1.940000
231  0.1155 1.900000
232  0.1160 1.860000
233  0.1165 1.820000
234  0.1170 1.820000
235  0.1175 1.800000
236  0.1180 1.780000
237  0.1185 1.720000
238  0.1190 1.700000
239  0.1195 1.660000
240  0.1200 1.620000
241  0.1205 1.600000
242  0.1210 1.580000
243  0.1215 1.540000
244  0.1220 1.520000
245  0.1225 1.480000
246  0.1230 1.460000
247  0.1235 1.440000
248  0.1240 1.420000
249  0.1245 1.380000
250  0.1250 1.360000
251  0.1255 1.340000
252  0.1260 1.320000
253  0.1265 1.260000
254  0.1270 1.260000
255  0.1275 1.220000
256  0.1280 1.200000
257  0.1285 1.180000
258  0.1290 1.140000
259  0.1295 1.140000
260  0.1300 1.100000
261  0.1305 1.080000
262  0.1310 1.040000
263  0.1315 1.020000
264  0.1320 1.020000
265  0.1325 0.980000
266  0.1330 0.960000
267  0.1335 0.920000
268  0.1340 0.920000
269  0.1345 0.900000
270  0.1350 0.860000
271  0.1355 0.840000
272  0.1360 0.840000
273  0.1365 0.820000
274  0.1370 0.800000
275  0.1375 0.780000
276  0.1380 0.740000
277  0.1385 0.740000
278  0.1390 0.700000
279  0.1395 0.680000
280  0.1400 0.640000
281  0.1405 0.620000
282  0.1410 0.600000
283  0.1415 0.600000
284  0.1420 0.580000
285  0.1425 0.580000
286  0.1430 0.560000
287  0.1435 0.540000
288  0.1440 0.520000
289  0.1445 0.520000
290  0.1450 0.520000
291  0.1455 0.480000
292  0.1460 0.480000
293  0.1465 0.460000
294  0.1470 0.440000
295  0.1475 0.440000
296  0.1480 0.420000
297  0.1485 0.400000
298  0.1490 0.380000
299  0.1495 0.360000
300  0.1500 0.360000
301  0.1505 0.320000
302  0.1510 0.340000
303  0.1515 0.340000
304  0.1520 0.340000
305  0.1525 0.320000
306  0.1530 0.320000
307  0.1535 0.320000
308  0.1540 0.300000
309  0.1545 0.300000
310  0.1550 0.300000
311  0.1555 0.300000
312  0.1560 0.280000
313  0.1565 0.280000
314  0.1570 0.260000
315  0.1575 0.280000
316  0.1580 0.260000
317  0.1585 0.260000
318  0.1590 0.260000
319  0.1595 0.240000
320  0.1600 0.240000
321  0.1605 0.240000
322  0.1610 0.200000
323  0.1615 0.240000
324  0.1620 0.240000
325  0.1625 0.260000
326  0.1630 0.260000
327  0.1635 0.260000
328  0.1640 0.260000
329  0.1645 0.260000
330  0.1650 0.280000
331  0.1655 0.280000
332  0.1660 0.280000
333  0.1665 0.300000
334  0.1670 0.300000
335  0.1675 0.300000
336  0.1680 0.300000
337  0.1685 0.300000
338  0.1690 0.300000
339  0.1695 0.320000
340  0.1700 0.340000
341  0.1705 0.340000
342  0.1710 0.360000
343  0.1715 0.380000
344  0.1720 0.380000
345  0.1725 0.400000
346  0.1730 0.400000
347  0.1735 0.400000
348  0.1740 0.440000
349  0.1745 0.440000
350  0.1750 0.460000
351  0.1755 0.480000
352  0.1760 0.480000
353  0.1765 0.500000
354  0.1770 0.520000
355  0.1775 0.520000
356  0.1780 0.540000
357  0.1785 0.540000
358  0.1790 0.540000
359  0.1795 0.580000
360  0.1800 0.580000
361  0.1805 0.600000
362  0.1810 0.620000
363  0.1815 0.660000
364  0.1820 0.660000
365  0.1825 0.680000
366  0.1830 0.700000
367  0.1835 0.720000
368  0.1840 0.740000
369  0.1845 0.760000
370  0.1850 0.780000
371  0.1855 0.800000
372  0.1860 0.820000
373  0.1865 0.840000
374  0.1870 0.880000
375  0.1875 0.880000
376  0.1880 0.920000
377  0.1885 0.920000
378  0.1890 0.940000
379  0.1895 0.980000
380  0.1900 1.000000
381  0.1905 1.040000
382  0.1910 1.040000
383  0.1915 1.080000
384  0.1920 1.120000
385  0.1925 1.140000
386  0.1930 1.160000
387  0.1935 1.160000
388  0.1940 1.200000
389  0.1945 1.240000
390  0.1950 1.260000
391  0.1955 1.300000
392  0.1960 1.320000
393  0.1965 1.340000
394  0.1970 1.380000
395  0.1975 1.400000
396  0.1980 1.420000
397  0.1985 1.440000
398  0.1990 1.460000
399  0.1995 1.500000
400  0.2000 1.520000
401  0.2005 1.560000
402  0.2010 1.580000
403  0.2015 1.600000
404  0.2020 1.640000
405  0.2025 1.660000
406  0.2030 1.680000
407  0.2035 1.720000
408  0.2040 1.740000
409  0.2045 1.780000
410  0.2050 1.800000
411  0.2055 1.820000
412  0.2060 1.860000
413  0.2065 1.880000
414  0.2070 1.900000
415  0.2075 1.940000
416  0.2080 1.980000
417  0.2085 2.000000
418  0.2090 2.040000
419  0.2095 2.040000
420  0.2100 2.100000
421  0.2105 2.120000
422  0.2110 2.160000
423  0.2115 2.180000
424  0.2120 2.200000
425  0.2125 2.240000
426  0.2130 2.260000
427  0.2135 2.300000
428  0.2140 2.320000
429  0.2145 2.360000
430  0.2150 2.400000
431  0.2155 2.420000
432  0.2160 2.440000
433  0.2165 2.460000
434  0.2170 2.480000
435  0.2175 2.520000
436  0.2180 2.540000
437  0.2185 0.300000
438  0.2190 2.600000
439  0.2195 2.640000
440  0.2200 2.660000
441  0.2205 2.680000
442  0.2210 2.700000
443  0.2215 2.720000
444  0.2220 2.760000
445  0.2225 2.800000
446  0.2230 2.800000
447  0.2235 2.840000
448  0.2240 2.860000
449  0.2245 2.880000
450  0.2250 2.920000
451  0.2255 2.940000
452  0.2260 2.960000
453  0.2265 3.000000
454  0.2270 3.020000
455  0.2275 3.040000
456  0.2280 3.060000
457  0.2285 3.080000
458  0.2290 3.120000
459  0.2295 3.140000
460  0.2300 3.160000
461  0.2305 3.180000
462  0.2310 3.200000
463  0.2315 3.240000
464  0.2320 3.240000
465  0.2325 3.280000
466  0.2330 3.300000
467  0.2335 3.300000
468  0.2340 3.340000
469  0.2345 3.340000
470  0.2350 3.380000
471  0.2355 3.380000
472  0.2360 3.400000
473  0.2365 3.420000
474  0.2370 3.440000
475  0.2375 3.480000
476  0.2380 3.480000
477  0.2385 3.480000
478  0.2390 3.500000
479  0.2395 3.500000
480  0.2400 3.540000
481  0.2405 3.560000
482  0.2410 3.580000
483  0.2415 3.600000
484  0.2420 3.600000
485  0.2425 3.620000
486  0.2430 3.640000
487  0.2435 3.640000
488  0.2440 3.660000
489  0.2445 3.660000
490  0.2450 3.680000
491  0.2455 3.700000
492  0.2460 3.700000
493  0.2465 3.720000
494  0.2470 3.720000
495  0.2475 3.740000
496  0.2480 3.760000
497  0.2485 3.760000
498  0.2490 3.780000
499  0.2495 3.780000
500  0.2500 3.800000
501  0.2505 3.800000
502  0.2510 3.800000
503  0.2515 3.800000
504  0.2520 3.820000
505  0.2525 3.820000
506  0.2530 3.820000
507  0.2535 3.820000
508  0.2540 3.820000
509  0.2545 3.840000
510  0.2550 3.840000
511  0.2555 3.840000
512  0.2560 3.820000
513  0.2565 0.300000
514  0.2570 3.860000
515  0.2575 3.860000
516  0.2580 3.860000
517  0.2585 3.840000
518  0.2590 3.860000
519  0.2595 3.840000
520  0.2600 3.820000
521  0.2605 3.820000
522  0.2610 3.840000
523  0.2615 3.820000
524  0.2620 3.820000
525  0.2625 3.820000
526  0.2630 3.820000
527  0.2635 3.820000
528  0.2640 3.800000
529  0.2645 3.800000
530  0.2650 3.800000
531  0.2655 3.780000
532  0.2660 3.780000
533  0.2665 3.740000
534  0.2670 3.760000
535  0.2675 3.760000
536  0.2680 3.760000
537  0.2685 3.760000
538  0.2690 3.720000
539  0.2695 3.720000
540  0.2700 3.740000
541  0.2705 3.700000
542  0.2710 3.720000
543  0.2715 3.680000
544  0.2720 3.660000
545  0.2725 3.660000
546  0.2730 3.640000
547  0.2735 3.620000
548  0.2740 3.620000
549  0.2745 3.600000
550  0.2750 3.580000
551  0.2755 3.560000
552  0.2760 3.540000
553  0.2765 3.520000
554  0.2770 3.500000
555  0.2775 3.500000
556  0.2780 3.460000
557  0.2785 3.480000
558  0.2790 3.440000
559  0.2795 3.420000
560  0.2800 3.400000
561  0.2805 3.380000
562  0.2810 3.360000
563  0.2815 3.340000
564  0.2820 3.320000
565  0.2825 3.300000
566  0.2830 3.280000
567  0.2835 3.260000
568  0.2840 3.260000
569  0.2845 3.220000
570  0.2850 3.180000
571  0.2855 3.180000
572  0.2860 3.160000
573  0.2865 3.120000
574  0.2870 3.100000
575  0.2875 3.080000
576  0.2880 3.060000
577  0.2885 3.040000
578  0.2890 3.000000
579  0.2895 2.980000
580  0.2900 2.960000
581  0.2905 2.940000
582  0.2910 2.900000
583  0.2915 2.880000
584  0.2920 2.860000
585  0.2925 2.840000
586  0.2930 2.800000
587  0.2935 2.760000
588  0.2940 2.760000
589  0.2945 2.720000
590  0.2950 2.700000
591  0.2955 2.660000
592  0.2960 2.620000
593  0.2965 2.620000
594  0.2970 2.580000
595  0.2975 2.540000
596  0.2980 2.540000
597  0.2985 2.500000
598  0.2990 2.480000
599  0.2995 2.460000
600  0.3000 2.420000
601  0.3005 2.400000
602  0.3010 2.360000
603  0.3015 2.320000
604  0.3020 2.300000
605  0.3025 2.280000
606  0.3030 2.260000
607  0.3035 2.220000
608  0.3040 2.200000
609  0.3045 2.160000
610  0.3050 2.120000
611  0.3055 2.100000
612  0.3060 2.060000
613  0.3065 2.020000
614  0.3070 2.020000
615  0.3075 1.980000
616  0.3080 1.960000
617  0.3085 1.920000
618  0.3090 1.880000
619  0.3095 1.860000
620  0.3100 1.820000
621  0.3105 1.820000
622  0.3110 1.780000
623  0.3115 1.760000
624  0.3120 1.740000
625  0.3125 1.700000
626  0.3130 1.660000
627  0.3135 1.640000
628  0.3140 1.620000
629  0.3145 1.580000
630  0.3150 1.520000
631  0.3155 1.520000
632  0.3160 1.500000
633  0.3165 1.460000
634  0.3170 1.460000
635  0.3175 1.400000
636  0.3180 1.400000
637  0.3185 1.360000
638  0.3190 1.340000
639  0.3195 1.320000
640  0.3200 1.280000
641  0.3205 1.260000
642  0.3210 1.240000
643  0.3215 1.200000
644  0.3220 1.180000
645  0.3225 1.160000
646  0.3230 1.120000
647  0.3235 1.100000
648  0.3240 1.080000
649  0.3245 1.040000
650  0.3250 1.000000
651  0.3255 1.000000
652  0.3260 0.960000
653  0.3265 0.940000
654  0.3270 0.920000
655  0.3275 0.900000
656  0.3280 0.880000
657  0.3285 0.880000
658  0.3290 0.840000
659  0.3295 0.820000
660  0.3300 0.800000
661  0.3305 0.800000
662  0.3310 0.760000
663  0.3315 0.740000
664  0.3320 0.720000
665  0.3325 0.700000
666  0.3330 0.680000
667  0.3335 0.680000
668  0.3340 0.640000
669  0.3345 0.600000
670  0.3350 0.600000
671  0.3355 0.580000
672  0.3360 0.560000
673  0.3365 0.540000
674  0.3370 0.540000
675  0.3375 0.540000
676  0.3380 0.500000
677  0.3385 0.500000
678  0.3390 0.480000
679  0.3395 0.460000
680  0.3400 0.460000
681  0.3405 0.440000
682  0.3410 0.440000
683  0.3415 0.420000
684  0.3420 0.400000
685  0.3425 0.400000
686  0.3430 0.380000
687  0.3435 0.360000
688  0.3440 0.340000
689  0.3445 0.320000
690  0.3450 0.340000
691  0.3455 0.320000
692  0.3460 0.300000
693  0.3465 0.300000
694  0.3470 0.300000
695  0.3475 0.300000
696  0.3480 0.300000
697  0.3485 0.300000
698  0.3490 0.300000
699  0.3495 0.300000
700  0.3500 0.280000
701  0.3505 0.280000
702  0.3510 0.260000
703  0.3515 0.260000
704  0.3520 0.260000
705  0.3525 0.260000
706  0.3530 0.240000
707  0.3535 0.240000
708  0.3540 0.240000
709  0.3545 0.220000
710  0.3550 0.240000
711  0.3555 0.240000
712  0.3560 0.220000
713  0.3565 0.260000
714  0.3570 0.240000
715  0.3575 0.240000
716  0.3580 0.280000
717  0.3585 0.260000
718  0.3590 0.280000
719  0.3595 0.280000
720  0.3600 0.300000
721  0.3605 0.300000
722  0.3610 0.300000
723  0.3615 0.320000
724  0.3620 0.320000
725  0.3625 0.320000
726  0.3630 0.320000
727  0.3635 0.300000
728  0.3640 0.340000
729  0.3645 0.340000
730  0.3650 0.360000
731  0.3655 0.360000
732  0.3660 0.380000
733  0.3665 0.400000
734  0.3670 0.420000
735  0.3675 0.420000
736  0.3680 0.440000
737  0.3685 0.460000
738  0.3690 0.480000
739  0.3695 0.480000
740  0.3700 0.500000
741  0.3705 0.520000
742  0.3710 0.520000
743  0.3715 0.560000
744  0.3720 0.560000
745  0.3725 0.560000
746  0.3730 0.600000
747  0.3735 0.580000
748  0.3740 0.600000
749  0.3745 0.600000
750  0.3750 0.640000
751  0.3755 0.660000
752  0.3760 0.680000
753  0.3765 0.700000
754  0.3770 0.720000
755  0.3775 0.740000
756  0.3780 0.780000
757  0.3785 0.800000
758  0.3790 0.820000
759  0.3795 0.840000
760  0.3800 0.860000
761  0.3805 0.880000
762  0.3810 0.900000
763  0.3815 0.920000
764  0.3820 0.940000
765  0.3825 0.960000
766  0.3830 0.960000
767  0.3835 0.980000
768  0.3840 1.020000
769  0.3845 1.040000
770  0.3850 1.080000
771  0.3855 1.100000
772  0.3860 1.140000
773  0.3865 1.160000
774  0.3870 1.160000
775  0.3875 1.220000
776  0.3880 1.240000
777  0.3885 1.260000
778  0.3890 1.300000
779  0.3895 1.340000
780  0.3900 1.360000
781  0.3905 1.380000
782  0.3910 1.420000
783  0.3915 1.420000
784  0.3920 1.460000
785  0.3925 1.460000
786  0.3930 1.480000
787  0.3935 1.520000
788  0.3940 1.560000
789  0.3945 1.580000
790  0.3950 1.620000
791  0.3955 1.640000
792  0.3960 1.680000
793  0.3965 1.680000
794  0.3970 1.720000
795  0.3975 1.740000
796  0.3980 1.760000
797  0.3985 1.800000
798  0.3990 1.840000
799  0.3995 1.860000
800  0.4000 1.900000
801  0.4005 1.940000
802  0.4010 1.960000
803  0.4015 1.980000
804  0.4020 2.000000
805  0.4025 2.040000
806  0.4030 2.060000
807  0.4035 2.100000
808  0.4040 2.120000
809  0.4045 2.140000
810  0.4050 2.180000
811  0.4055 2.220000
812  0.4060 2.240000
813  0.4065 2.280000
814  0.4070 2.300000
815  0.4075 2.340000
816  0.4080 2.360000
817  0.4085 2.380000
818  0.4090 2.420000
819  0.4095 2.440000
820  0.4100 2.480000
821  0.4105 2.500000
822  0.4110 2.540000
823  0.4115 2.540000
824  0.4120 0.300000
825  0.4125 2.600000
826  0.4130 2.640000
827  0.4135 2.660000
828  0.4140 2.680000
829  0.4145 2.700000
830  0.4150 2.720000
831  0.4155 2.760000
832  0.4160 2.800000
833  0.4165 2.820000
834  0.4170 2.840000
835  0.4175 2.860000
836  0.4180 2.880000
837  0.4185 2.900000
838  0.4190 2.940000
839  0.4195 2.960000
840  0.4200 3.000000
841  0.4205 3.020000
842  0.4210 3.040000
843  0.4215 3.080000
844  0.4220 3.100000
845  0.4225 3.120000
846  0.4230 3.140000
847  0.4235 3.160000
848  0.4240 3.180000
849  0.4245 3.200000
850  0.4250 3.240000
851  0.4255 3.240000
852  0.4260 3.260000
853  0.4265 3.300000
854  0.4270 3.320000
855  0.4275 3.340000
856  0.4280 3.360000
857  0.4285 3.360000
858  0.4290 3.400000
859  0.4295 3.400000
860  0.4300 3.440000
861  0.4305 3.440000
862  0.4310 3.460000
863  0.4315 3.480000
864  0.4320 3.500000
865  0.4325 3.520000
866  0.4330 3.540000
867  0.4335 3.540000
868  0.4340 3.580000
869  0.4345 3.580000
870  0.4350 3.580000
871  0.4355 3.600000
872  0.4360 3.600000
873  0.4365 3.640000
874  0.4370 3.660000
875  0.4375 3.640000
876  0.4380 3.660000
877  0.4385 3.680000
878  0.4390 3.700000
879  0.4395 3.700000
880  0.4400 3.700000
881  0.4405 3.740000
882  0.4410 3.720000
883  0.4415 3.760000
884  0.4420 3.760000
885  0.4425 3.760000
886  0.4430 3.780000
887  0.4435 3.800000
888  0.4440 3.800000
889  0.4445 3.800000
890  0.4450 3.800000
891  0.4455 3.820000
892  0.4460 3.820000
893  0.4465 3.820000
894  0.4470 3.820000
895  0.4475 3.820000
896  0.4480 3.820000
897  0.4485 3.840000
898  0.4490 3.840000
899  0.4495 3.860000
900  0.4500 3.860000
901  0.4505 3.860000
902  0.4510 3.860000
903  0.4515 3.840000
904  0.4520 3.860000
905  0.4525 3.860000
906  0.4530 3.860000
907  0.4535 3.860000
908  0.4540 3.840000
909  0.4545 3.820000
910  0.4550 3.820000
911  0.4555 3.820000
912  0.4560 3.820000
913  0.4565 3.820000
914  0.4570 3.820000
915  0.4575 3.800000
916  0.4580 3.800000
917  0.4585 3.800000
918  0.4590 3.780000
919  0.4595 3.780000
920  0.4600 3.780000
921  0.4605 3.760000
922  0.4610 3.780000
923  0.4615 3.760000
924  0.4620 3.740000
925  0.4625 3.740000
926  0.4630 3.720000
927  0.4635 3.700000
928  0.4640 3.700000
929  0.4645 3.680000
930  0.4650 3.680000
931  0.4655 3.660000
932  0.4660 3.660000
933  0.4665 3.640000
934  0.4670 3.620000
935  0.4675 3.600000
936  0.4680 3.600000
937  0.4685 3.580000
938  0.4690 3.560000
939  0.4695 3.540000
940  0.4700 3.540000
941  0.4705 3.500000
942  0.4710 3.480000
943  0.4715 3.480000
944  0.4720 3.460000
945  0.4725 3.460000
946  0.4730 3.420000
947  0.4735 3.400000
948  0.4740 3.400000
949  0.4745 3.360000
950  0.4750 3.340000
951  0.4755 3.320000
952  0.4760 3.300000
953  0.4765 3.280000
954  0.4770 3.240000
955  0.4775 3.240000
956  0.4780 3.200000
957  0.4785 3.180000
958  0.4790 3.180000
959  0.4795 3.140000
960  0.4800 3.120000
961  0.4805 3.100000
962  0.4810 3.080000
963  0.4815 3.040000
964  0.4820 3.020000
965  0.4825 3.000000
966  0.4830 2.980000
967  0.4835 2.940000
968  0.4840 2.940000
969  0.4845 2.900000
970  0.4850 2.880000
971  0.4855 2.860000
972  0.4860 2.820000
973  0.4865 2.820000
974  0.4870 2.780000
975  0.4875 2.740000
976  0.4880 2.740000
977  0.4885 2.680000
978  0.4890 2.660000
979  0.4895 2.640000
980  0.4900 2.600000
981  0.4905 2.600000
982  0.4910 2.540000
983  0.4915 2.520000
984  0.4920 2.500000
985  0.4925 2.480000
986  0.4930 2.460000
987  0.4935 2.420000
988  0.4940 2.400000
989  0.4945 2.360000
990  0.4950 2.320000
991  0.4955 2.300000
992  0.4960 2.260000
993  0.4965 2.240000
994  0.4970 2.200000
995  0.4975 2.180000
996  0.4980 2.160000
997  0.4985 2.120000
998  0.4990 2.100000
999  0.4995 2.060000
1000  0.5000 2.040000
1001  0.5005 2.000000
1002  0.5010 1.960000
1003  0.5015 1.960000
1004  0.5020 1.920000
1005  0.5025 1.880000
1006  0.5030 1.880000
1007  0.5035 1.840000
1008  0.5040 1.800000
1009  0.5045 1.800000
1010  0.5050 1.740000
1011  0.5055 1.740000
1012  0.5060 1.700000
1013  0.5065 1.660000
1014  0.5070 1.640000
1015  0.5075 1.620000
1016  0.5080 1.580000
1017  0.5085 1.560000
1018  0.5090 1.500000
1019  0.5095 1.500000
1020  0.5100 1.460000
1021  0.5105 1.440000
1022  0.5110 1.400000
1023  0.5115 1.380000
1024  0.5120 1.380000
1025  0.5125 1.340000
1026  0.5130 1.300000
1027  0.5135 1.280000
1028  0.5140 1.240000
1029  0.5145 1.220000
1030  0.5150 1.200000
1031  0.5155 1.160000
1032  0.5160 1.160000
1033  0.5165 1.120000
1034  0.5170 1.100000
1035  0.5175 1.080000
1036  0.5180 1.060000
1037  0.5185 1.040000
1038  0.5190 1.000000
1039  0.5195 0.960000
1040  0.5200 0.940000
1041  0.5205 0.920000
1042  0.5210 0.900000
1043  0.5215 0.880000
1044  0.5220 0.860000
1045  0.5225 0.840000
1046  0.5230 0.820000
1047  0.5235 0.820000
1048  0.5240 0.800000
1049  0.5245 0.760000
1050  0.5250 0.740000
1051  0.5255 0.720000
1052  0.5260 0.700000
1053  0.5265 0.680000
1054  0.5270 0.660000
1055  0.5275 0.620000
1056  0.5280 0.620000
1057  0.5285 0.600000
1058  0.5290 0.580000
1059  0.5295 0.580000
1060  0.5300 0.540000
1061  0.5305 0.520000
1062  0.5310 0.520000
1063  0.5315 0.520000
1064  0.5320 0.500000
1065  0.5325 0.480000
1066  0.5330 0.460000
1067  0.5335 0.460000
1068  0.5340 0.440000
1069  0.5345 0.420000
1070  0.5350 0.420000
1071  0.5355 0.400000
1072  0.5360 0.400000
1073  0.5365 0.380000
1074  0.5370 0.360000
1075  0.5375 0.360000
1076  0.5380 0.340000
1077  0.5385 0.340000
1078  0.5390 0.320000
1079  0.5395 0.320000
1080  0.5400 0.300000
1081  0.5405 0.300000
1082  0.5410 0.280000
1083  0.5415 0.300000
1084  0.5420 0.280000
1085  0.5425 0.280000
1086  0.5430 0.280000
1087  0.5435 0.280000
1088  0.5440 0.260000
1089  0.5445 0.260000
1090  0.5450 0.260000
1091  0.5455 0.260000
1092  0.5460 0.260000
1093  0.5465 0.260000
1094  0.5470 0.260000
1095  0.5475 0.240000
1096  0.5480 0.240000
1097  0.5485 0.240000
1098  0.5490 0.220000
1099  0.5495 0.220000
1100  0.5500 0.240000
1101  0.5505 0.240000
1102  0.5510 0.260000
1103  0.5515 0.280000
1104  0.5520 0.280000
1105  0.5525 0.280000
1106  0.5530 0.280000
1107  0.5535 0.280000
1108  0.5540 0.300000
1109  0.5545 0.300000
1110  0.5550 0.300000
1111  0.5555 0.320000
1112  0.5560 0.320000
1113  0.5565 0.340000
1114  0.5570 0.340000
1115  0.5575 0.340000
1116  0.5580 0.340000
1117  0.5585 0.320000
1118  0.5590 0.360000
1119  0.5595 0.380000
1120  0.5600 0.380000
1121  0.5605 0.400000
1122  0.5610 0.440000
1123  0.5615 0.440000
1124  0.5620 0.460000
1125  0.5625 0.480000
1126  0.5630 0.500000
1127  0.5635 0.500000
1128  0.5640 0.520000
1129  0.5645 0.540000
1130  0.5650 0.540000
1131  0.5655 0.560000
1132  0.5660 0.560000
1133  0.5665 0.580000
1134  0.5670 0.600000
1135  0.5675 0.620000
1136  0.5680 0.620000
1137  0.5685 0.640000
1138  0.5690 0.660000
1139  0.5695 0.680000
1140  0.5700 0.700000
1141  0.5705 0.720000
1142  0.5710 0.740000
1143  0.5715 0.760000
1144  0.5720 0.800000
1145  0.5725 0.820000
1146  0.5730 0.840000
1147  0.5735 0.860000
1148  0.5740 0.880000
1149  0.5745 0.900000
1150  0.5750 0.920000
1151  0.5755 0.940000
1152  0.5760 0.960000
1153  0.5765 1.000000
1154  0.5770 1.020000
1155  0.5775 1.040000
1156  0.5780 1.040000
1157  0.5785 1.100000
1158  0.5790 1.100000
1159  0.5795 1.160000
1160  0.5800 1.160000
1161  0.5805 1.200000
1162  0.5810 1.220000
1163  0.5815 1.240000
1164  0.5820 1.260000
1165  0.5825 1.300000
1166  0.5830 1.320000
1167  0.5835 1.360000
1168  0.5840 1.380000
1169  0.5845 1.400000
1170  0.5850 1.440000
1171  0.5855 1.460000
1172  0.5860 1.480000
1173  0.5865 1.520000
1174  0.5870 1.520000
1175  0.5875 1.560000
1176  0.5880 1.580000
1177  0.5885 1.600000
1178  0.5890 1.640000
1179  0.5895 1.660000
1180  0.5900 1.680000
1181  0.5905 1.720000
1182  0.5910 1.740000
1183  0.5915 1.780000
1184  0.5920 1.800000
1185  0.5925 1.840000
1186  0.5930 1.860000
1187  0.5935 1.900000
1188  0.5940 1.940000
1189  0.5945 1.940000
1190  0.5950 1.980000
1191  0.5955 2.000000
1192  0.5960 2.020000
1193  0.5965 2.080000
1194  0.5970 2.100000
1195  0.5975 2.120000
1196  0.5980 2.140000
1197  0.5985 2.180000
1198  0.5990 2.220000
1199  0.5995 2.240000
1200  0.6000 2.280000
1201  0.6005 2.300000
1202  0.6010 2.340000
1203  0.6015 2.380000
1204  0.6020 2.400000
1205  0.6025 2.420000
1206  0.6030 2.460000
1207  0.6035 2.480000
1208  0.6040 2.480000
1209  0.6045 2.540000
1210  0.6050 0.300000
1211  0.6055 2.580000
1212  0.6060 2.600000
1213  0.6065 2.640000
1214  0.6070 2.660000
1215  0.6075 2.700000
1216  0.6080 2.720000
1217  0.6085 2.720000
1218  0.6090 2.780000
1219  0.6095 2.760000
1220  0.6100 2.820000
1221  0.6105 2.840000
1222  0.6110 2.860000
1223  0.6115 2.900000
1224  0.6120 2.900000
1225  0.6125 2.940000
1226  0.6130 2.980000
1227  0.6135 3.000000
1228  0.6140 3.020000
1229  0.6145 3.060000
1230  0.6150 3.060000
1231  0.6155 3.100000
1232  0.6160 3.100000
1233  0.6165 3.140000
1234  0.6170 3.160000
1235  0.6175 3.180000
1236  0.6180 3.220000
1237  0.6185 3.220000
1238  0.6190 3.260000
1239  0.6195 3.280000
1240  0.6200 3.300000
1241  0.6205 3.300000
1242  0.6210 3.320000
1243  0.6215 3.360000
1244  0.6220 3.380000
1245  0.6225 3.380000
1246  0.6230 3.420000
1247  0.6235 3.440000
1248  0.6240 3.440000
1249  0.6245 3.480000
1250  0.6250 3.480000
1251  0.6255 3.500000
1252  0.6260 3.500000
1253  0.6265 3.540000
1254  0.6270 3.540000
1255  0.6275 3.560000
1256  0.6280 3.600000
1257  0.6285 3.560000
1258  0.6290 3.600000
1259  0.6295 3.620000
1260  0.6300 3.640000
1261  0.6305 3.660000
1262  0.6310 3.660000
1263  0.6315 3.660000
1264  0.6320 3.700000
1265  0.6325 3.700000
1266  0.6330 3.700000
1267  0.6335 3.720000
1268  0.6340 3.740000
1269  0.6345 3.740000
1270  0.6350 3.760000
1271  0.6355 3.760000
1272  0.6360 3.760000
1273  0.6365 3.780000
1274  0.6370 3.780000
1275  0.6375 3.780000
1276  0.6380 3.800000
1277  0.6385 3.800000
1278  0.6390 3.800000
1279  0.6395 3.820000
1280  0.6400 3.820000
1281  0.6405 3.820000
1282  0.6410 3.820000
1283  0.6415 3.820000
1284  0.6420 3.840000
1285  0.6425 3.840000
1286  0.6430 3.860000
1287  0.6435 3.860000
1288  0.6440 3.860000
1289  0.6445 3.880000
1290  0.6450 3.860000
1291  0.6455 3.840000
1292  0.6460 3.860000
1293  0.6465 3.840000
1294  0.6470 3.840000
1295  0.6475 3.860000
1296  0.6480 3.840000
1297  0.6485 3.840000
1298  0.6490 3.820000
1299  0.6495 3.820000
1300  0.6500 3.820000
1301  0.6505 3.800000
1302  0.6510 3.800000
1303  0.6515 3.800000
1304  0.6520 3.800000
1305  0.6525 3.780000
1306  0.6530 3.780000
1307  0.6535 3.780000
1308  0.6540 3.760000
1309  0.6545 3.760000
1310  0.6550 3.760000
1311  0.6555 3.740000
1312  0.6560 3.720000
1313  0.6565 3.720000
1314  0.6570 3.720000
1315  0.6575 3.700000
1316  0.6580 3.680000
1317  0.6585 3.680000
1318  0.6590 3.640000
1319  0.6595 3.640000
1320  0.6600 3.640000
1321  0.6605 3.620000
1322  0.6610 3.600000
1323  0.6615 3.600000
1324  0.6620 3.560000
1325  0.6625 3.560000
1326  0.6630 3.540000
1327  0.6635 3.520000
1328  0.6640 3.500000
1329  0.6645 3.500000
1330  0.6650 3.500000
1331  0.6655 3.460000
1332  0.6660 3.440000
1333  0.6665 3.420000
1334  0.6670 3.400000
1335  0.6675 3.380000
1336  0.6680 3.360000
1337  0.6685 3.340000
1338  0.6690 3.320000
1339  0.6695 3.280000
1340  0.6700 3.280000
1341  0.6705 3.260000
1342  0.6710 3.220000
1343  0.6715 3.220000
1344  0.6720 3.180000
1345  0.6725 3.180000
1346  0.6730 3.160000
1347  0.6735 3.120000
1348  0.6740 3.100000
1349  0.6745 3.080000
1350  0.6750 3.060000
1351  0.6755 3.040000
1352  0.6760 3.000000
1353  0.6765 3.000000
1354  0.6770 2.940000
1355  0.6775 2.920000
1356  0.6780 2.900000
1357  0.6785 2.880000
1358  0.6790 2.840000
1359  0.6795 2.820000
1360  0.6800 2.800000
1361  0.6805 2.780000
1362  0.6810 2.740000
1363  0.6815 2.740000
1364  0.6820 2.700000
1365  0.6825 2.660000
1366  0.6830 2.640000
1367  0.6835 2.620000
1368  0.6840 2.580000
1369  0.6845 2.540000
1370  0.6850 2.520000
1371  0.6855 2.520000
1372  0.6860 2.460000
1373  0.6865 2.440000
1374  0.6870 2.400000
1375  0.6875 2.380000
1376  0.6880 2.360000
1377  0.6885 2.320000
1378  0.6890 2.300000
1379  0.6895 2.280000
1380  0.6900 2.240000
1381  0.6905 2.200000
1382  0.6910 2.180000
1383  0.6915 2.160000
1384  0.6920 2.120000
1385  0.6925 2.100000
1386  0.6930 2.080000
1387  0.6935 2.040000
1388  0.6940 2.000000
1389  0.6945 1.980000
1390  0.6950 1.940000
1391  0.6955 1.900000
1392  0.6960 1.900000
1393  0.6965 1.860000
1394  0.6970 1.820000
1395  0.6975 1.800000
1396  0.6980 1.780000
1397  0.6985 1.740000
1398  0.6990 1.720000
1399  0.6995 1.700000
1400  0.7000 1.640000
1401  0.7005 1.640000
1402  0.7010 1.620000
1403  0.7015 1.580000
1404  0.7020 1.560000
1405  0.7025 1.520000
1406  0.7030 1.500000
1407  0.7035 1.480000
1408  0.7040 1.420000
1409  0.7045 1.380000
1410  0.7050 1.380000
1411  0.7055 1.340000
1412  0.7060 1.320000
1413  0.7065 1.300000
1414  0.7070 1.280000
1415  0.7075 1.260000
1416  0.7080 1.220000
1417  0.7085 1.200000
1418  0.7090 1.160000
1419  0.7095 1.140000
1420  0.7100 1.120000
1421  0.7105 1.080000
1422  0.7110 1.060000
1423  0.7115 1.060000
1424  0.7120 1.020000
1425  0.7125 1.000000
1426  0.7130 0.980000
1427  0.7135 0.940000
1428  0.7140 0.920000
1429  0.7145 0.880000
1430  0.7150 0.860000
1431  0.7155 0.840000
1432  0.7160 0.840000
1433  0.7165 0.800000
1434  0.7170 0.800000
1435  0.7175 0.780000
1436  0.7180 0.760000
1437  0.7185 0.740000
1438  0.7190 0.720000
1439  0.7195 0.680000
1440  0.7200 0.660000
1441  0.7205 0.660000
1442  0.7210 0.640000
1443  0.7215 0.620000
1444  0.7220 0.600000
1445  0.7225 0.600000
1446  0.7230 0.580000
1447  0.7235 0.540000
1448  0.7240 0.520000
1449  0.7245 0.520000
1450  0.7250 0.500000
1451  0.7255 0.460000
1452  0.7260 0.480000
1453  0.7265 0.460000
1454  0.7270 0.460000
1455  0.7275 0.440000
1456  0.7280 0.420000
1457  0.7285 0.400000
1458  0.7290 0.400000
1459  0.7295 0.400000
1460  0.7300 0.380000
1461  0.7305 0.360000
1462  0.7310 0.360000
1463  0.7315 0.340000
1464  0.7320 0.340000
1465  0.7325 0.320000
1466  0.7330 0.300000
1467  0.7335 0.300000
1468  0.7340 0.280000
1469  0.7345 0.300000
1470  0.7350 0.280000
1471  0.7355 0.280000
1472  0.7360 0.280000
1473  0.7365 0.280000
1474  0.7370 0.280000
1475  0.7375 0.260000
1476  0.7380 0.280000
1477  0.7385 0.260000
1478  0.7390 0.260000
1479  0.7395 0.260000
1480  0.7400 0.260000
1481  0.7405 0.260000
1482  0.7410 0.240000
1483  0.7415 0.260000
1484  0.7420 0.260000
1485  0.7425 0.240000
1486  0.7430 0.240000
1487  0.7435 0.240000
1488  0.7440 0.240000
1489  0.7445 0.260000
1490  0.7450 0.260000
1491  0.7455 0.280000
1492  0.7460 0.280000
1493  0.7465 0.280000
1494  0.7470 0.300000
1495  0.7475 0.300000
1496  0.7480 0.300000
1497  0.7485 0.300000
1498  0.7490 0.300000
1499  0.7495 0.320000
1500  0.7500 0.320000
1501  0.7505 0.340000
1502  0.7510 0.360000
1503  0.7515 0.360000
1504  0.7520 0.380000
1505  0.7525 0.360000
1506  0.7530 0.400000
1507  0.7535 0.400000
1508  0.7540 0.380000
1509  0.7545 0.420000
1510  0.7550 0.380000
1511  0.7555 0.460000
1512  0.7560 0.480000
1513  0.7565 0.480000
1514  0.7570 0.500000
1515  0.7575 0.500000
1516  0.7580 0.520000
1517  0.7585 0.500000
1518  0.7590 0.560000
1519  0.7595 0.580000
1520  0.7600 0.580000
1521  0.7605 0.600000
1522  0.7610 0.620000
1523  0.7615 0.640000
1524  0.7620 0.660000
1525  0.7625 0.660000
1526  0.7630 0.680000
1527  0.7635 0.700000
1528  0.7640 0.740000
1529  0.7645 0.740000
1530  0.7650 0.760000
1531  0.7655 0.780000
1532  0.7660 0.820000
1533  0.7665 0.840000
1534  0.7670 0.860000
1535  0.7675 0.880000
1536  0.7680 0.900000
1537  0.7685 0.920000
1538  0.7690 0.940000
1539  0.7695 0.960000
1540  0.7700 1.000000
1541  0.7705 1.020000
1542  0.7710 1.040000
1543  0.7715 1.060000
1544  0.7720 1.080000
1545  0.7725 1.120000
1546  0.7730 1.120000
1547  0.7735 1.160000
1548  0.7740 1.200000
1549  0.7745 1.200000
1550  0.7750 1.240000
1551  0.7755 1.300000
1552  0.7760 1.300000
1553  0.7765 1.320000
1554  0.7770 1.340000
1555  0.7775 1.380000
1556  0.7780 1.400000
1557  0.7785 1.440000
1558  0.7790 1.460000
1559  0.7795 1.480000
1560  0.7800 1.520000
1561  0.7805 1.540000
1562  0.7810 1.560000
1563  0.7815 1.580000
1564  0.7820 1.600000
1565  0.7825 1.640000
1566  0.7830 1.620000
1567  0.7835 1.680000
1568  0.7840 1.720000
1569  0.7845 1.760000
1570  0.7850 1.800000
1571  0.7855 1.820000
1572  0.7860 1.840000
1573  0.7865 1.880000
1574  0.7870 1.900000
1575  0.7875 1.920000
1576  0.7880 1.960000
1577  0.7885 1.980000
1578  0.7890 2.020000
1579  0.7895 2.040000
1580  0.7900 2.080000
1581  0.7905 2.100000
1582  0.7910 2.120000
1583  0.7915 2.160000
1584  0.7920 2.180000
1585  0.7925 2.220000
1586  0.7930 2.260000
1587  0.7935 2.280000
1588  0.7940 2.300000
1589  0.7945 2.340000
1590  0.7950 2.360000
1591  0.7955 2.400000
1592  0.7960 2.420000
1593  0.7965 2.460000
1594  0.7970 2.480000
1595  0.7975 2.520000
1596  0.7980 2.540000
1597  0.7985 2.520000
1598  0.7990 2.600000
1599  0.7995 2.600000
1600  0.8000 2.640000
1601  0.8005 2.660000
1602  0.8010 2.700000
1603  0.8015 2.720000
1604  0.8020 2.740000
1605  0.8025 2.760000
1606  0.8030 2.800000
1607  0.8035 2.820000
1608  0.8040 2.840000
1609  0.8045 2.880000
1610  0.8050 2.900000
1611  0.8055 2.920000
1612  0.8060 2.940000
1613  0.8065 2.960000
1614  0.8070 3.000000
1615  0.8075 3.020000
1616  0.8080 3.040000
1617  0.8085 3.080000
1618  0.8090 3.100000
1619  0.8095 3.120000
1620  0.8100 3.140000
1621  0.8105 3.160000
1622  0.8110 3.180000
1623  0.8115 3.200000
1624  0.8120 3.240000
1625  0.8125 3.240000
1626  0.8130 3.280000
1627  0.8135 3.320000
1628  0.8140 3.320000
1629  0.8145 3.360000
1630  0.8150 3.360000
1631  0.8155 3.380000
1632  0.8160 3.400000
1633  0.8165 3.420000
1634  0.8170 3.440000
1635  0.8175 3.460000
1636  0.8180 3.460000
1637  0.8185 3.480000
1638  0.8190 3.500000
1639  0.8195 3.520000
1640  0.8200 3.520000
1641  0.8205 3.540000
1642  0.8210 3.580000
1643  0.8215 3.600000
1644  0.8220 3.600000
1645  0.8225 3.600000
1646  0.8230 3.620000
1647  0.8235 3.640000
1648  0.8240 3.640000
1649  0.8245 3.660000
1650  0.8250 3.680000
1651  0.8255 3.680000
1652  0.8260 3.700000
1653  0.8265 3.720000
1654  0.8270 3.720000
1655  0.8275 3.720000
1656  0.8280 3.740000
1657  0.8285 3.760000
1658  0.8290 3.760000
1659  0.8295 3.760000
1660  0.8300 3.780000
1661  0.8305 3.780000
1662  0.8310 3.800000
1663  0.8315 3.800000
1664  0.8320 3.800000
1665  0.8325 3.820000
1666  0.8330 3.820000
1667  0.8335 3.840000
1668  0.8340 3.820000
1669  0.8345 3.820000
1670  0.8350 3.840000
1671  0.8355 3.840000
1672  0.8360 3.860000
1673  0.8365 3.840000
1674  0.8370 3.820000
1675  0.8375 3.860000
1676  0.8380 3.860000
1677  0.8385 3.880000
1678  0.8390 3.860000
1679  0.8395 3.840000
1680  0.8400 3.860000
1681  0.8405 3.840000
1682  0.8410 3.840000
1683  0.8415 3.840000
1684  0.8420 3.820000
1685  0.8425 0.300000
1686  0.8430 3.820000
1687  0.8435 3.820000
1688  0.8440 3.800000
1689  0.8445 3.800000
1690  0.8450 3.800000
1691  0.8455 3.800000
1692  0.8460 3.780000
1693  0.8465 3.780000
1694  0.8470 3.780000
1695  0.8475 3.760000
1696  0.8480 3.760000
1697  0.8485 3.740000
1698  0.8490 3.740000
1699  0.8495 3.720000
1700  0.8500 3.720000
1701  0.8505 3.720000
1702  0.8510 3.700000
1703  0.8515 3.680000
1704  0.8520 3.660000
1705  0.8525 3.640000
1706  0.8530 3.640000
1707  0.8535 3.620000
1708  0.8540 3.620000
1709  0.8545 3.600000
1710  0.8550 3.600000
1711  0.8555 3.580000
1712  0.8560 3.560000
1713  0.8565 3.540000
1714  0.8570 3.520000
1715  0.8575 3.500000
1716  0.8580 3.500000
1717  0.8585 3.480000
1718  0.8590 3.480000
1719  0.8595 3.440000
1720  0.8600 3.420000
1721  0.8605 3.400000
1722  0.8610 3.380000
1723  0.8615 3.360000
1724  0.8620 3.340000
1725  0.8625 3.300000
1726  0.8630 3.300000
1727  0.8635 3.280000
1728  0.8640 3.260000
1729  0.8645 3.240000
1730  0.8650 3.200000
1731  0.8655 3.180000
1732  0.8660 3.160000
1733  0.8665 3.140000
1734  0.8670 3.120000
1735  0.8675 3.100000
1736  0.8680 3.080000
1737  0.8685 3.060000
1738  0.8690 3.020000
1739  0.8695 3.000000
1740  0.8700 2.980000
1741  0.8705 2.960000
1742  0.8710 2.940000
1743  0.8715 2.880000
1744  0.8720 2.880000
1745  0.8725 2.840000
1746  0.8730 2.820000
1747  0.8735 2.820000
1748  0.8740 2.760000
1749  0.8745 2.760000
1750  0.8750 2.700000
1751  0.8755 2.700000
1752  0.8760 2.660000
1753  0.8765 2.640000
1754  0.8770 2.620000
1755  0.8775 2.560000
1756  0.8780 2.540000
1757  0.8785 2.520000
1758  0.8790 2.480000
1759  0.8795 2.480000
1760  0.8800 2.440000
1761  0.8805 2.400000
1762  0.8810 2.380000
1763  0.8815 2.340000
1764  0.8820 2.320000
1765  0.8825 2.280000
1766  0.8830 2.260000
1767  0.8835 2.240000
1768  0.8840 2.200000
1769  0.8845 2.180000
1770  0.8850 2.160000
1771  0.8855 2.120000
1772  0.8860 2.100000
1773  0.8865 2.060000
1774  0.8870 2.040000
1775  0.8875 2.000000
1776  0.8880 1.960000
1777  0.8885 1.960000
1778  0.8890 1.900000
1779  0.8895 1.880000
1780  0.8900 1.860000
1781  0.8905 1.820000
1782  0.8910 1.800000
1783  0.8915 1.760000
1784  0.8920 1.740000
1785  0.8925 1.720000
1786  0.8930 1.680000
1787  0.8935 1.660000
1788  0.8940 1.620000
1789  0.8945 1.600000
1790  0.8950 1.580000
1791  0.8955 1.540000
1792  0.8960 1.540000
1793  0.8965 1.480000
1794  0.8970 1.480000
1795  0.8975 1.440000
1796  0.8980 1.400000
1797  0.8985 1.380000
1798  0.8990 1.360000
1799  0.8995 1.320000
1800  0.9000 1.300000
1801  0.9005 1.260000
1802  0.9010 1.240000
1803  0.9015 1.220000
1804  0.9020 1.200000
1805  0.9025 1.180000
1806  0.9030 1.120000
1807  0.9035 1.120000
1808  0.9040 1.100000
1809  0.9045 1.060000
1810  0.9050 1.040000
1811  0.9055 1.020000
1812  0.9060 1.000000
1813  0.9065 0.940000
1814  0.9070 0.940000
1815  0.9075 0.920000
1816  0.9080 0.900000
1817  0.9085 0.860000
1818  0.9090 0.860000
1819  0.9095 0.800000
1820  0.9100 0.780000
1821  0.9105 0.780000
1822  0.9110 0.720000
1823  0.9115 0.760000
1824  0.9120 0.740000
1825  0.9125 0.720000
1826  0.9130 0.700000
1827  0.9135 0.680000
1828  0.9140 0.660000
1829  0.9145 0.620000
1830  0.9150 0.620000
1831  0.9155 0.600000
1832  0.9160 0.600000
1833  0.9165 0.580000
1834  0.9170 0.560000
1835  0.9175 0.540000
1836  0.9180 0.520000
1837  0.9185 0.500000
1838  0.9190 0.480000
1839  0.9195 0.460000
1840  0.9200 0.440000
1841  0.9205 0.440000
1842  0.9210 0.440000
1843  0.9215 0.420000
1844  0.9220 0.400000
1845  0.9225 0.400000
1846  0.9230 0.400000
1847  0.9235 0.380000
1848  0.9240 0.360000
1849  0.9245 0.360000
1850  0.9250 0.340000
1851  0.9255 0.340000
1852  0.9260 0.320000
1853  0.9265 0.320000
1854  0.9270 0.320000
1855  0.9275 0.300000
1856  0.9280 0.300000
1857  0.9285 0.280000
1858  0.9290 0.280000
1859  0.9295 0.260000
1860  0.9300 0.260000
1861  0.9305 0.260000
1862  0.9310 0.260000
1863  0.9315 0.260000
1864  0.9320 0.260000
1865  0.9325 0.260000
1866  0.9330 0.260000
1867  0.9335 0.260000
1868  0.9340 0.260000
1869  0.9345 0.260000
1870  0.9350 0.240000
1871  0.9355 0.260000
1872  0.9360 0.260000
1873  0.9365 0.260000
1874  0.9370 0.280000
1875  0.9375 0.260000
1876  0.9380 0.260000
1877  0.9385 0.280000
1878  0.9390 0.280000
1879  0.9395 0.280000
1880  0.9400 0.260000
1881  0.9405 0.280000
1882  0.9410 0.300000
1883  0.9415 0.300000
1884  0.9420 0.320000
1885  0.9425 0.320000
1886  0.9430 0.320000
1887  0.9435 0.340000
1888  0.9440 0.340000
1889  0.9445 0.340000
1890  0.9450 0.340000
1891  0.9455 0.360000
1892  0.9460 0.380000
1893  0.9465 0.400000
1894  0.9470 0.400000
1895  0.9475 0.400000
1896  0.9480 0.420000
1897  0.9485 0.420000
1898  0.9490 0.460000
1899  0.9495 0.480000
1900  0.9500 0.480000
1901  0.9505 0.500000
1902  0.9510 0.520000
1903  0.9515 0.520000
1904  0.9520 0.540000
1905  0.9525 0.560000
1906  0.9530 0.580000
1907  0.9535 0.600000
1908  0.9540 0.620000
1909  0.9545 0.620000
1910  0.9550 0.660000
1911  0.9555 0.660000
1912  0.9560 0.700000
1913  0.9565 0.700000
1914  0.9570 0.700000
1915  0.9575 0.740000
1916  0.9580 0.740000
1917  0.9585 0.800000
1918  0.9590 0.800000
1919  0.9595 0.820000
1920  0.9600 0.840000
1921  0.9605 0.860000
1922  0.9610 0.880000
1923  0.9615 0.900000
1924  0.9620 0.920000
1925  0.9625 0.960000
1926  0.9630 0.980000
1927  0.9635 1.000000
1928  0.9640 1.020000
1929  0.9645 1.040000
1930  0.9650 1.080000
1931  0.9655 1.080000
1932  0.9660 1.120000
1933  0.9665 1.140000
1934  0.9670 1.140000
1935  0.9675 1.200000
1936  0.9680 1.180000
1937  0.9685 1.240000
1938  0.9690 1.240000
1939  0.9695 1.300000
1940  0.9700 1.340000
1941  0.9705 1.360000
1942  0.9710 1.380000
1943  0.9715 1.400000
1944  0.9720 1.420000
1945  0.9725 1.460000
1946  0.9730 1.480000
1947  0.9735 1.520000
1948  0.9740 1.560000
1949  0.9745 1.560000
1950  0.9750 1.620000
1951  0.9755 1.640000
1952  0.9760 1.640000
1953  0.9765 1.680000
1954  0.9770 1.700000
1955  0.9775 1.720000
1956  0.9780 1.760000
1957  0.9785 1.780000
1958  0.9790 1.820000
1959  0.9795 1.860000
1960  0.9800 1.880000
1961  0.9805 1.900000
1962  0.9810 1.920000
1963  0.9815 1.960000
1964  0.9820 1.980000
1965  0.9825 2.020000
1966  0.9830 2.040000
1967  0.9835 2.080000
1968  0.9840 2.100000
1969  0.9845 2.140000
1970  0.9850 2.160000
1971  0.9855 2.200000
1972  0.9860 2.220000
1973  0.9865 2.260000
1974  0.9870 2.280000
1975  0.9875 2.300000
1976  0.9880 2.320000
1977  0.9885 2.340000
1978  0.9890 2.400000
1979  0.9895 2.420000
1980  0.9900 2.460000
1981  0.9905 2.500000
1982  0.9910 2.520000
1983  0.9915 2.540000
1984  0.9920 0.300000
1985  0.9925 2.580000
1986  0.9930 2.620000
1987  0.9935 2.640000
1988  0.9940 2.660000
1989  0.9945 2.700000
1990  0.9950 2.720000
1991  0.9955 2.760000
1992  0.9960 2.780000
1993  0.9965 2.800000
1994  0.9970 2.840000
1995  0.9975 2.860000
1996  0.9980 2.860000
1997  0.9985 2.900000
1998  0.9990 2.920000
1999  0.9995 2.960000
2000  1.0000 2.980000
2001  1.0005 3.000000
2002  1.0010 3.020000
2003  1.0015 3.040000
2004  1.0020 3.080000
2005  1.0025 3.100000
2006  1.0030 3.120000
2007  1.0035 3.140000
2008  1.0040 3.160000
2009  1.0045 3.180000
2010  1.0050 3.200000
2011  1.0055 3.220000
2012  1.0060 3.260000
2013  1.0065 3.280000
2014  1.0070 3.300000
2015  1.0075 3.300000
2016  1.0080 3.340000
2017  1.0085 3.380000
2018  1.0090 3.380000
2019  1.0095 3.400000
2020  1.0100 3.420000
2021  1.0105 3.420000
2022  1.0110 3.460000
2023  1.0115 3.480000
2024  1.0120 3.500000
2025  1.0125 3.500000
2026  1.0130 3.500000
2027  1.0135 3.540000
2028  1.0140 3.540000
2029  1.0145 3.560000
2030  1.0150 3.580000
2031  1.0155 3.600000
2032  1.0160 3.640000
2033  1.0165 3.620000
2034  1.0170 3.640000
2035  1.0175 3.660000
2036  1.0180 3.660000
2037  1.0185 3.680000
2038  1.0190 3.680000
2039  1.0195 3.700000
2040  1.0200 3.720000
2041  1.0205 3.720000
2042  1.0210 3.720000
2043  1.0215 3.740000
2044  1.0220 3.740000
2045  1.0225 3.760000
2046  1.0230 3.760000
2047  1.0235 3.780000
2048  1.0240 0.000000
