Nama File =kotak5H_200.dat
Time Samplig =0.0050
1  0.020000
2  2.080000
3  0.300000
4  4.040000
5  4.040000
6  4.040000
7  4.040000
8  4.040000
9  4.040000
10  4.040000
11  4.040000
12  4.040000
13  4.040000
14  4.020000
15  4.040000
16  4.040000
17  4.040000
18  0.020000
19  0.020000
20  0.020000
21  0.020000
22  0.020000
23  0.020000
24  0.020000
25  0.020000
26  0.020000
27  0.020000
28  0.020000
29  0.020000
30  0.020000
31  0.020000
32  0.020000
33  0.020000
34  0.020000
35  0.040000
36  0.020000
37  0.020000
38  4.040000
39  4.040000
40  4.040000
41  4.040000
42  4.040000
43  4.040000
44  4.060000
45  4.040000
46  4.060000
47  4.040000
48  4.040000
49  4.040000
50  4.040000
51  4.020000
52  4.040000
53  4.040000
54  4.040000
55  4.040000
56  4.020000
57  4.040000
58  4.040000
59  0.020000
60  0.000000
61  0.040000
62  0.000000
63  0.020000
64  0.000000
65  0.020000
66  0.000000
67  0.020000
68  0.000000
69  0.020000
70  0.020000
71  0.020000
72  0.000000
73  0.020000
74  0.020000
75  0.020000
76  0.000000
77  0.020000
78  0.020000
79  4.040000
80  4.060000
81  4.040000
82  4.060000
83  4.040000
84  4.040000
85  4.040000
86  4.040000
87  4.040000
88  4.020000
89  4.040000
90  4.040000
91  4.040000
92  4.040000
93  4.040000
94  4.020000
95  4.040000
96  4.040000
97  4.040000
98  4.040000
99  0.020000
100  0.020000
101  0.000000
102  0.020000
103  0.020000
104  0.020000
105  0.000000
106  0.020000
107  0.000000
108  0.040000
109  0.000000
110  0.040000
111  0.000000
112  0.020000
113  0.000000
114  0.020000
115  0.000000
116  0.020000
117  0.000000
118  0.040000
119  4.040000
120  4.040000
121  4.020000
122  4.040000
123  4.040000
124  4.040000
125  4.040000
126  4.040000
127  4.040000
128  4.040000
129  4.060000
130  4.060000
131  4.060000
132  4.040000
133  4.060000
134  4.040000
135  4.040000
136  4.020000
137  4.040000
138  4.040000
139  0.020000
140  0.020000
141  0.020000
142  0.020000
143  0.020000
144  0.020000
145  0.020000
146  0.020000
147  0.020000
148  0.020000
149  0.020000
150  0.020000
151  0.020000
152  0.020000
153  0.020000
154  0.020000
155  0.040000
156  0.020000
157  0.020000
158  0.020000
159  4.060000
160  4.040000
161  4.040000
162  4.000000
163  4.020000
164  4.040000
165  4.040000
166  4.040000
167  4.040000
168  4.060000
169  4.040000
170  4.040000
171  4.040000
172  4.040000
173  4.040000
174  4.040000
175  4.040000
176  4.060000
177  4.040000
178  4.060000
179  0.020000
180  0.020000
181  0.020000
182  0.000000
183  0.020000
184  0.000000
185  0.020000
186  0.000000
187  0.020000
188  0.000000
189  0.020000
190  0.000000
191  0.020000
192  0.000000
193  0.020000
194  0.000000
195  0.040000
196  0.000000
197  0.020000
198  0.000000
199  4.040000
200  4.020000
201  4.020000
202  4.040000
203  4.040000
204  4.060000
205  4.040000
206  4.040000
207  4.040000
208  4.040000
209  4.040000
210  4.040000
211  4.040000
212  4.040000
213  4.040000
214  4.040000
215  4.040000
216  4.040000
217  4.040000
218  4.040000
219  4.040000
220  0.020000
221  0.000000
222  0.020000
223  0.000000
224  0.020000
225  0.020000
226  0.020000
227  0.000000
228  0.020000
229  0.000000
230  0.020000
231  0.000000
232  0.040000
233  0.000000
234  0.020000
235  0.020000
236  0.020000
237  0.000000
238  0.000000
239  0.000000
240  4.040000
241  4.040000
242  4.040000
243  4.040000
244  4.040000
245  4.040000
246  4.040000
247  4.040000
248  4.020000
249  4.060000
250  4.040000
251  4.040000
252  4.040000
253  4.040000
254  4.040000
255  4.040000
256  4.040000
257  4.040000
258  4.040000
259  4.040000
260  0.020000
261  0.040000
262  0.020000
263  0.020000
264  0.000000
265  0.020000
266  0.020000
267  0.020000
268  0.020000
269  0.040000
270  0.040000
271  0.040000
272  0.020000
273  0.040000
274  0.020000
275  0.020000
276  0.020000
277  0.000000
278  0.000000
279  0.020000
280  4.060000
281  4.060000
282  4.040000
283  4.040000
284  4.040000
285  4.040000
286  4.060000
287  4.040000
288  4.020000
289  4.020000
290  4.040000
291  4.040000
292  4.040000
293  4.040000
294  4.060000
295  4.040000
296  4.040000
297  4.040000
298  4.040000
299  4.040000
300  0.000000
301  0.020000
302  0.000000
303  0.020000
304  0.000000
305  0.020000
306  0.000000
307  0.020000
308  0.020000
309  0.040000
310  0.000000
311  0.020000
312  0.000000
313  0.020000
314  0.020000
315  0.020000
316  0.020000
317  0.020000
318  0.020000
319  0.020000
320  4.040000
321  4.040000
322  4.040000
323  4.040000
324  4.040000
325  4.040000
326  4.040000
327  4.040000
328  4.040000
329  4.040000
330  4.040000
331  4.040000
332  4.040000
333  4.040000
334  4.040000
335  4.040000
336  4.040000
337  4.040000
338  4.040000
339  4.040000
340  4.040000
341  0.000000
342  0.020000
343  0.000000
344  0.000000
345  0.020000
346  0.040000
347  0.000000
348  0.020000
349  0.000000
350  0.020000
351  0.000000
352  0.020000
353  0.000000
354  0.020000
355  0.000000
356  0.020000
357  0.020000
358  0.040000
359  0.000000
360  0.000000
361  4.040000
362  4.040000
363  4.040000
364  4.040000
365  4.040000
366  4.040000
367  4.040000
368  4.040000
369  4.060000
370  4.040000
371  4.040000
372  4.040000
373  4.060000
374  4.040000
375  4.060000
376  4.040000
377  4.040000
378  4.040000
379  4.060000
380  4.040000
381  0.000000
382  0.020000
383  0.040000
384  0.000000
385  0.020000
386  0.020000
387  0.020000
388  0.020000
389  0.000000
390  0.020000
391  0.020000
392  0.020000
393  0.020000
394  0.040000
395  0.020000
396  0.020000
397  0.020000
398  0.020000
399  0.020000
400  0.000000
401  4.040000
402  4.060000
403  4.040000
404  4.060000
405  4.040000
406  4.040000
407  4.040000
408  4.040000
409  4.040000
410  4.040000
411  4.040000
412  4.040000
413  4.040000
414  4.060000
415  4.040000
416  4.060000
417  4.020000
418  4.040000
419  4.040000
420  4.060000
421  0.020000
422  0.020000
423  0.020000
424  0.020000
425  0.000000
426  0.000000
427  0.020000
428  0.000000
429  0.020000
430  0.000000
431  0.020000
432  0.020000
433  0.020000
434  0.000000
435  0.020000
436  0.000000
437  0.020000
438  0.000000
439  0.040000
440  0.020000
441  4.040000
442  4.040000
443  4.040000
444  4.040000
445  4.040000
446  4.060000
447  4.040000
448  4.060000
449  4.040000
450  4.040000
451  4.040000
452  4.040000
453  4.040000
454  4.040000
455  4.040000
456  4.040000
457  4.040000
458  4.040000
459  4.060000
460  4.060000
461  0.020000
462  0.020000
463  0.000000
464  0.020000
465  0.000000
466  0.020000
467  0.020000
468  0.020000
469  0.020000
470  0.020000
471  0.000000
472  0.020000
473  0.000000
474  0.020000
475  0.000000
476  0.020000
477  0.000000
478  0.020000
479  0.000000
480  0.020000
481  4.040000
482  4.040000
483  4.060000
484  4.040000
485  4.040000
486  4.040000
487  4.040000
488  4.040000
489  4.020000
490  4.040000
491  4.040000
492  4.040000
493  4.040000
494  4.040000
495  4.040000
496  4.040000
497  4.060000
498  4.040000
499  4.040000
500  4.040000
501  4.040000
502  0.000000
503  0.020000
504  0.020000
505  0.020000
506  0.020000
507  0.020000
508  0.020000
509  0.020000
510  0.020000
511  0.020000
512  0.020000
513  0.020000
514  0.020000
515  0.020000
516  0.020000
517  0.020000
518  0.020000
519  0.000000
520  0.020000
521  0.020000
522  4.060000
523  4.000000
524  4.060000
525  4.040000
526  4.040000
527  4.040000
528  4.040000
529  4.040000
530  4.040000
531  4.040000
532  4.040000
533  4.060000
534  4.040000
535  4.020000
536  4.060000
537  4.060000
538  4.060000
539  4.040000
540  4.040000
541  4.040000
542  0.020000
543  0.020000
544  0.000000
545  0.020000
546  0.020000
547  0.020000
548  0.000000
549  0.020000
550  0.000000
551  0.020000
552  0.000000
553  0.020000
554  0.020000
555  0.000000
556  0.020000
557  0.020000
558  0.020000
559  0.020000
560  0.020000
561  0.020000
562  4.040000
563  4.040000
564  4.040000
565  4.040000
566  4.040000
567  4.040000
568  4.020000
569  4.040000
570  4.040000
571  4.060000
572  4.040000
573  4.040000
574  4.020000
575  4.040000
576  4.040000
577  4.040000
578  4.040000
579  4.040000
580  4.040000
581  4.000000
582  0.040000
583  0.000000
584  0.020000
585  0.000000
586  0.040000
587  0.000000
588  0.020000
589  0.000000
590  0.020000
591  0.000000
592  0.020000
593  0.000000
594  0.040000
595  0.020000
596  0.020000
597  0.020000
598  0.020000
599  0.000000
600  0.020000
601  0.020000
602  4.040000
603  4.040000
604  4.020000
605  4.040000
606  4.040000
607  4.040000
608  4.040000
609  4.040000
610  4.040000
611  4.060000
612  4.040000
613  4.040000
614  4.040000
615  4.040000
616  4.040000
617  4.040000
618  4.040000
619  4.040000
620  4.040000
621  4.040000
622  0.020000
623  0.020000
624  0.000000
625  0.020000
626  0.020000
627  0.020000
628  0.020000
629  0.020000
630  0.020000
631  0.040000
632  0.020000
633  0.020000
634  0.020000
635  0.040000
636  0.020000
637  0.020000
638  0.000000
639  0.020000
640  0.000000
641  0.020000
642  4.040000
643  4.040000
644  4.040000
645  4.040000
646  4.040000
647  4.040000
648  4.060000
649  4.040000
650  4.060000
651  4.040000
652  4.040000
653  4.020000
654  4.040000
655  4.040000
656  4.040000
657  4.040000
658  4.040000
659  4.040000
660  4.040000
661  4.040000
662  4.040000
663  0.020000
664  0.000000
665  0.020000
666  0.000000
667  0.040000
668  0.000000
669  0.040000
670  0.000000
671  0.020000
672  0.000000
673  0.020000
674  0.020000
675  0.040000
676  0.020000
677  0.020000
678  0.020000
679  0.020000
680  0.020000
681  0.020000
682  0.020000
683  4.040000
684  4.060000
685  4.040000
686  4.060000
687  4.040000
688  4.040000
689  4.040000
690  4.040000
691  4.040000
692  4.040000
693  4.040000
694  4.000000
695  4.060000
696  4.040000
697  4.040000
698  4.040000
699  4.060000
700  4.020000
701  4.040000
702  4.040000
703  0.000000
704  0.020000
705  0.000000
706  0.000000
707  0.000000
708  0.020000
709  0.020000
710  0.020000
711  0.000000
712  0.040000
713  0.000000
714  0.020000
715  0.000000
716  0.020000
717  0.000000
718  0.020000
719  0.000000
720  0.020000
721  0.000000
722  0.020000
723  4.040000
724  4.060000
725  4.040000
726  4.040000
727  4.040000
728  4.040000
729  4.040000
730  4.040000
731  4.060000
732  4.040000
733  4.060000
734  4.040000
735  4.040000
736  4.040000
737  4.040000
738  4.040000
739  4.040000
740  4.040000
741  4.060000
742  4.040000
743  0.040000
744  0.020000
745  0.020000
746  0.020000
747  0.000000
748  0.020000
749  0.020000
750  0.040000
751  0.000000
752  0.020000
753  0.020000
754  0.020000
755  0.020000
756  0.020000
757  0.020000
758  0.000000
759  0.020000
760  0.020000
761  0.040000
762  0.000000
763  4.040000
764  4.040000
765  4.060000
766  4.040000
767  4.040000
768  4.040000
769  4.040000
770  4.040000
771  4.040000
772  4.040000
773  4.040000
774  4.040000
775  4.040000
776  4.060000
777  4.040000
778  4.060000
779  4.040000
780  4.060000
781  4.040000
782  4.060000
783  0.020000
784  0.000000
785  0.020000
786  0.000000
787  0.020000
788  0.020000
789  0.020000
790  0.000000
791  0.020000
792  0.000000
793  0.020000
794  0.000000
795  0.020000
796  0.000000
797  0.040000
798  0.020000
799  0.020000
800  0.020000
801  0.020000
802  0.020000
803  4.040000
804  4.040000
805  4.040000
806  4.040000
807  4.040000
808  4.040000
809  4.040000
810  4.040000
811  4.040000
812  4.040000
813  4.040000
814  4.040000
815  4.040000
816  4.040000
817  4.060000
818  4.040000
819  4.020000
820  4.020000
821  4.020000
822  4.060000
823  4.040000
824  0.020000
825  0.000000
826  0.020000
827  0.020000
828  0.020000
829  0.000000
830  0.000000
831  0.000000
832  0.020000
833  0.000000
834  0.020000
835  0.020000
836  0.020000
837  0.000000
838  0.040000
839  0.000000
840  0.000000
841  0.000000
842  0.020000
843  0.000000
844  4.040000
845  4.040000
846  4.040000
847  4.040000
848  4.040000
849  4.060000
850  4.060000
851  4.040000
852  4.020000
853  4.040000
854  4.040000
855  4.040000
856  4.040000
857  4.040000
858  4.040000
859  4.040000
860  4.040000
861  4.040000
862  4.040000
863  4.020000
864  0.020000
865  0.020000
866  0.020000
867  0.020000
868  0.000000
869  0.020000
870  0.020000
871  0.020000
872  0.020000
873  0.020000
874  0.020000
875  0.020000
876  0.000000
877  0.020000
878  0.000000
879  0.020000
880  0.000000
881  0.020000
882  0.000000
883  0.020000
884  4.060000
885  4.040000
886  4.060000
887  4.040000
888  4.040000
889  4.020000
890  4.060000
891  4.040000
892  4.020000
893  4.040000
894  4.040000
895  4.040000
896  4.040000
897  4.040000
898  4.040000
899  4.040000
900  4.040000
901  4.040000
902  4.040000
903  4.040000
904  0.000000
905  0.020000
906  0.000000
907  0.020000
908  0.000000
909  0.020000
910  0.000000
911  0.020000
912  0.020000
913  0.000000
914  0.020000
915  0.020000
916  0.020000
917  0.020000
918  0.020000
919  0.020000
920  0.020000
921  0.020000
922  0.020000
923  0.020000
924  4.040000
925  4.060000
926  4.060000
927  4.040000
928  4.040000
929  4.040000
930  4.040000
931  4.040000
932  4.040000
933  4.040000
934  4.020000
935  4.040000
936  4.040000
937  4.040000
938  4.040000
939  4.040000
940  4.060000
941  4.040000
942  4.040000
943  4.040000
944  0.020000
945  0.000000
946  0.020000
947  0.000000
948  0.040000
949  0.000000
950  0.020000
951  0.000000
952  0.020000
953  0.000000
954  0.020000
955  0.000000
956  0.020000
957  0.000000
958  0.020000
959  0.000000
960  0.020000
961  0.020000
962  0.020000
963  0.000000
964  4.040000
965  4.040000
966  4.040000
967  4.040000
968  4.020000
969  4.040000
970  4.040000
971  4.040000
972  4.040000
973  4.040000
974  4.040000
975  4.040000
976  4.040000
977  4.040000
978  4.040000
979  4.040000
980  4.040000
981  4.040000
982  4.040000
983  4.040000
984  4.040000
985  0.020000
986  0.020000
987  0.020000
988  0.020000
989  0.020000
990  0.020000
991  0.020000
992  0.020000
993  0.020000
994  0.000000
995  0.020000
996  0.000000
997  0.040000
998  0.000000
999  0.020000
1000  0.000000
1001  0.020000
1002  0.020000
1003  0.020000
1004  0.000000
1005  4.020000
1006  4.020000
1007  4.040000
1008  4.040000
1009  4.040000
1010  4.040000
1011  4.040000
1012  4.040000
1013  4.040000
1014  4.060000
1015  4.040000
1016  4.060000
1017  4.040000
1018  4.040000
1019  4.020000
1020  4.040000
1021  4.040000
1022  4.020000
1023  4.040000
1024  4.060000
1025  0.020000
1026  0.000000
1027  0.020000
1028  0.020000
1029  0.040000
1030  0.000000
1031  0.020000
1032  0.020000
1033  0.020000
1034  0.020000
1035  0.020000
1036  0.020000
1037  0.020000
1038  0.020000
1039  0.020000
1040  0.020000
1041  0.020000
1042  0.020000
1043  0.020000
1044  0.020000
1045  4.040000
1046  4.040000
1047  4.020000
1048  4.040000
1049  4.040000
1050  4.040000
1051  4.040000
1052  4.060000
1053  4.040000
1054  4.060000
1055  4.040000
1056  4.040000
1057  4.040000
1058  4.040000
1059  4.040000
1060  4.040000
1061  4.060000
1062  4.040000
1063  4.040000
1064  4.040000
1065  0.000000
1066  0.020000
1067  0.020000
1068  0.020000
1069  0.000000
1070  0.020000
1071  0.000000
1072  0.000000
1073  0.000000
1074  0.020000
1075  0.000000
1076  0.020000
1077  0.020000
1078  0.020000
1079  0.000000
1080  0.000000
1081  0.000000
1082  0.020000
1083  0.000000
1084  0.020000
1085  4.040000
1086  4.040000
1087  4.040000
1088  4.040000
1089  4.040000
1090  4.040000
1091  4.040000
1092  4.040000
1093  4.040000
1094  4.040000
1095  4.040000
1096  4.040000
1097  4.040000
1098  4.040000
1099  4.040000
1100  4.040000
1101  4.040000
1102  4.040000
1103  4.040000
1104  4.040000
1105  0.000000
1106  0.020000
1107  0.020000
1108  0.000000
1109  0.020000
1110  0.020000
1111  0.020000
1112  0.020000
1113  0.020000
1114  0.020000
1115  0.020000
1116  0.020000
1117  0.020000
1118  0.020000
1119  0.020000
1120  0.000000
1121  0.000000
1122  0.000000
1123  0.020000
1124  0.000000
1125  4.020000
1126  4.060000
1127  4.040000
1128  4.020000
1129  4.040000
1130  4.060000
1131  4.040000
1132  4.040000
1133  4.040000
1134  4.040000
1135  4.040000
1136  4.040000
1137  4.040000
1138  4.060000
1139  4.040000
1140  4.040000
1141  4.040000
1142  4.040000
1143  4.040000
1144  4.040000
1145  4.040000
1146  0.000000
1147  0.040000
1148  0.020000
1149  0.020000
1150  0.000000
1151  0.020000
1152  0.020000
1153  0.020000
1154  0.020000
1155  0.020000
1156  0.020000
1157  0.020000
1158  0.020000
1159  0.020000
1160  0.020000
1161  0.020000
1162  0.040000
1163  0.020000
1164  0.040000
1165  0.020000
1166  4.040000
1167  4.040000
1168  4.040000
1169  4.040000
1170  4.040000
1171  4.040000
1172  4.060000
1173  4.040000
1174  4.040000
1175  4.040000
1176  4.040000
1177  4.020000
1178  4.040000
1179  4.060000
1180  4.040000
1181  4.040000
1182  4.020000
1183  4.020000
1184  4.040000
1185  4.020000
1186  0.020000
1187  0.000000
1188  0.020000
1189  0.000000
1190  0.020000
1191  0.000000
1192  0.040000
1193  0.000000
1194  0.020000
1195  0.000000
1196  0.020000
1197  0.020000
1198  0.020000
1199  0.000000
1200  0.020000
1201  0.000000
1202  0.020000
1203  0.020000
1204  0.020000
1205  0.020000
1206  4.040000
1207  4.040000
1208  4.040000
1209  4.040000
1210  4.000000
1211  4.020000
1212  4.040000
1213  4.040000
1214  4.040000
1215  4.040000
1216  4.040000
1217  4.040000
1218  4.040000
1219  4.040000
1220  4.040000
1221  4.040000
1222  4.040000
1223  4.040000
1224  4.040000
1225  4.040000
1226  0.020000
1227  0.020000
1228  0.040000
1229  0.020000
1230  0.020000
1231  0.020000
1232  0.020000
1233  0.020000
1234  0.000000
1235  0.020000
1236  0.000000
1237  0.020000
1238  0.000000
1239  0.020000
1240  0.020000
1241  0.040000
1242  0.000000
1243  0.020000
1244  0.000000
1245  0.020000
1246  4.040000
1247  4.020000
1248  4.040000
1249  4.040000
1250  4.040000
1251  4.040000
1252  4.060000
1253  4.040000
1254  4.060000
1255  4.040000
1256  4.040000
1257  4.040000
1258  4.040000
1259  4.040000
1260  4.040000
1261  4.040000
1262  4.040000
1263  4.040000
1264  4.040000
1265  4.040000
1266  0.000000
1267  0.020000
1268  0.020000
1269  0.040000
1270  0.020000
1271  0.020000
1272  0.000000
1273  0.020000
1274  0.020000
1275  0.020000
1276  0.020000
1277  0.020000
1278  0.020000
1279  0.020000
1280  0.020000
1281  0.020000
1282  0.020000
1283  0.020000
1284  0.020000
1285  0.020000
1286  4.060000
1287  4.040000
1288  4.040000
1289  4.040000
1290  4.040000
1291  4.040000
1292  4.020000
1293  4.060000
1294  4.040000
1295  4.040000
1296  4.020000
1297  4.060000
1298  4.040000
1299  4.040000
1300  4.040000
1301  4.040000
1302  4.040000
1303  4.040000
1304  4.040000
1305  4.040000
1306  4.060000
1307  0.000000
1308  0.020000
1309  0.000000
1310  0.020000
1311  0.000000
1312  0.020000
1313  0.000000
1314  0.020000
1315  0.020000
1316  0.020000
1317  0.000000
1318  0.040000
1319  0.000000
1320  0.020000
1321  0.000000
1322  0.040000
1323  0.000000
1324  0.020000
1325  0.000000
1326  0.020000
1327  4.040000
1328  4.040000
1329  4.040000
1330  4.040000
1331  4.040000
1332  4.000000
1333  4.060000
1334  4.040000
1335  4.040000
1336  4.040000
1337  4.020000
1338  4.040000
1339  4.040000
1340  4.040000
1341  4.040000
1342  4.040000
1343  4.040000
1344  4.040000
1345  4.040000
1346  4.040000
1347  0.020000
1348  0.020000
1349  0.000000
1350  0.020000
1351  0.020000
1352  0.020000
1353  0.020000
1354  0.020000
1355  0.020000
1356  0.000000
1357  0.020000
1358  0.000000
1359  0.020000
1360  0.020000
1361  0.020000
1362  0.000000
1363  0.020000
1364  0.020000
1365  0.020000
1366  0.000000
1367  4.060000
1368  4.060000
1369  4.040000
1370  4.020000
1371  4.040000
1372  4.040000
1373  4.040000
1374  4.060000
1375  4.040000
1376  4.040000
1377  4.040000
1378  4.040000
1379  4.040000
1380  4.040000
1381  4.040000
1382  4.060000
1383  4.040000
1384  4.040000
1385  4.040000
1386  4.040000
1387  0.020000
1388  0.020000
1389  0.020000
1390  0.000000
1391  0.020000
1392  0.020000
1393  0.020000
1394  0.020000
1395  0.020000
1396  0.020000
1397  0.020000
1398  0.020000
1399  0.020000
1400  0.020000
1401  0.000000
1402  0.020000
1403  0.020000
1404  0.020000
1405  0.020000
1406  0.020000
1407  4.040000
1408  4.040000
1409  4.040000
1410  4.040000
1411  4.040000
1412  4.040000
1413  4.040000
1414  4.040000
1415  4.040000
1416  4.020000
1417  4.040000
1418  4.040000
1419  4.020000
1420  4.060000
1421  4.040000
1422  4.040000
1423  4.040000
1424  4.040000
1425  4.060000
1426  4.040000
1427  0.000000
1428  0.020000
1429  0.000000
1430  0.020000
1431  0.000000
1432  0.020000
1433  0.000000
1434  0.020000
1435  0.000000
1436  0.020000
1437  0.020000
1438  0.000000
1439  0.020000
1440  0.020000
1441  0.000000
1442  0.020000
1443  0.000000
1444  0.020000
1445  0.000000
1446  0.020000
1447  4.040000
1448  4.040000
1449  4.040000
1450  4.040000
1451  4.020000
1452  4.060000
1453  4.040000
1454  4.040000
1455  4.040000
1456  4.040000
1457  4.040000
1458  4.040000
1459  4.040000
1460  4.040000
1461  4.040000
1462  4.040000
1463  4.040000
1464  4.040000
1465  4.040000
1466  4.040000
1467  4.040000
1468  0.000000
1469  0.020000
1470  0.000000
1471  0.020000
1472  0.000000
1473  0.020000
1474  0.000000
1475  0.020000
1476  0.000000
1477  0.020000
1478  0.000000
1479  0.020000
1480  0.000000
1481  0.000000
1482  0.000000
1483  0.020000
1484  0.000000
1485  0.000000
1486  0.000000
1487  0.000000
1488  4.040000
1489  4.040000
1490  4.040000
1491  4.040000
1492  4.040000
1493  4.040000
1494  4.040000
1495  4.040000
1496  4.040000
1497  4.040000
1498  4.040000
1499  4.040000
1500  4.060000
1501  4.040000
1502  4.040000
1503  4.040000
1504  4.040000
1505  4.040000
1506  4.040000
1507  4.020000
1508  0.000000
1509  0.020000
1510  0.020000
1511  0.000000
1512  0.020000
1513  0.020000
1514  0.040000
1515  0.020000
1516  0.020000
1517  0.020000
1518  0.020000
1519  0.020000
1520  0.020000
1521  0.000000
1522  0.040000
1523  0.020000
1524  0.020000
1525  0.020000
1526  0.020000
1527  0.020000
1528  4.040000
1529  4.040000
1530  4.040000
1531  4.060000
1532  4.040000
1533  4.060000
1534  4.040000
1535  4.040000
1536  4.020000
1537  4.060000
1538  4.040000
1539  4.060000
1540  4.020000
1541  4.040000
1542  4.040000
1543  4.040000
1544  4.040000
1545  4.040000
1546  4.040000
1547  4.040000
1548  0.020000
1549  0.000000
1550  0.040000
1551  0.000000
1552  0.020000
1553  0.000000
1554  0.020000
1555  0.000000
1556  0.020000
1557  0.000000
1558  0.020000
1559  0.000000
1560  0.020000
1561  0.000000
1562  0.020000
1563  0.020000
1564  0.020000
1565  0.020000
1566  0.020000
1567  0.040000
1568  4.040000
1569  4.040000
1570  4.040000
1571  4.040000
1572  4.040000
1573  4.040000
1574  4.040000
1575  4.040000
1576  4.040000
1577  4.040000
1578  4.040000
1579  4.040000
1580  4.040000
1581  4.020000
1582  4.040000
1583  4.020000
1584  4.040000
1585  4.020000
1586  4.040000
1587  4.040000
1588  4.060000
1589  0.020000
1590  0.000000
1591  0.020000
1592  0.020000
1593  0.020000
1594  0.000000
1595  0.020000
1596  0.000000
1597  0.020000
1598  0.000000
1599  0.040000
1600  0.000000
1601  0.020000
1602  0.000000
1603  0.040000
1604  0.000000
1605  0.020000
1606  0.000000
1607  0.020000
1608  0.020000
1609  4.040000
1610  4.060000
1611  4.040000
1612  4.060000
1613  4.040000
1614  4.040000
1615  4.040000
1616  4.040000
1617  4.040000
1618  4.020000
1619  4.040000
1620  4.060000
1621  4.020000
1622  4.040000
1623  4.040000
1624  4.040000
1625  4.040000
1626  4.040000
1627  4.040000
1628  4.040000
1629  0.020000
1630  0.020000
1631  0.040000
1632  0.020000
1633  0.020000
1634  0.020000
1635  0.020000
1636  0.020000
1637  0.020000
1638  0.020000
1639  0.020000
1640  0.040000
1641  0.020000
1642  0.000000
1643  0.020000
1644  0.040000
1645  0.020000
1646  0.020000
1647  0.000000
1648  0.020000
1649  4.020000
1650  4.040000
1651  4.020000
1652  4.060000
1653  4.020000
1654  4.040000
1655  4.040000
1656  4.060000
1657  4.060000
1658  4.000000
1659  4.040000
1660  4.040000
1661  4.040000
1662  4.060000
1663  4.060000
1664  4.040000
1665  4.060000
1666  4.020000
1667  4.060000
1668  4.040000
1669  0.020000
1670  0.020000
1671  0.000000
1672  0.020000
1673  0.000000
1674  0.020000
1675  0.000000
1676  0.040000
1677  0.000000
1678  0.020000
1679  0.020000
1680  0.020000
1681  0.000000
1682  0.020000
1683  0.000000
1684  0.020000
1685  0.020000
1686  0.020000
1687  0.000000
1688  0.020000
1689  4.040000
1690  4.040000
1691  4.040000
1692  4.040000
1693  4.040000
1694  4.040000
1695  4.040000
1696  4.040000
1697  4.040000
1698  4.020000
1699  4.040000
1700  4.040000
1701  4.060000
1702  4.040000
1703  4.040000
1704  4.040000
1705  4.040000
1706  4.040000
1707  4.040000
1708  4.040000
1709  0.020000
1710  0.020000
1711  0.020000
1712  0.000000
1713  0.020000
1714  0.020000
1715  0.000000
1716  0.000000
1717  0.020000
1718  0.000000
1719  0.020000
1720  0.000000
1721  0.040000
1722  0.000000
1723  0.020000
1724  0.000000
1725  0.020000
1726  0.000000
1727  0.000000
1728  0.000000
1729  4.040000
1730  4.040000
1731  4.020000
1732  4.040000
1733  4.040000
1734  4.040000
1735  4.060000
1736  4.060000
1737  4.060000
1738  4.060000
1739  4.040000
1740  4.040000
1741  4.040000
1742  4.040000
1743  4.040000
1744  4.040000
1745  4.040000
1746  4.040000
1747  4.060000
1748  4.060000
1749  4.040000
1750  0.020000
1751  0.020000
1752  0.020000
1753  0.020000
1754  0.040000
1755  0.020000
1756  0.020000
1757  0.020000
1758  0.020000
1759  0.020000
1760  0.000000
1761  0.020000
1762  0.020000
1763  0.020000
1764  0.020000
1765  0.020000
1766  0.020000
1767  0.020000
1768  0.020000
1769  0.000000
1770  4.040000
1771  4.040000
1772  4.020000
1773  4.040000
1774  4.040000
1775  4.040000
1776  4.040000
1777  4.060000
1778  4.040000
1779  4.040000
1780  4.040000
1781  4.040000
1782  4.060000
1783  4.040000
1784  4.040000
1785  4.060000
1786  4.040000
1787  4.040000
1788  4.040000
1789  4.040000
1790  0.020000
1791  0.000000
1792  0.000000
1793  0.000000
1794  0.020000
1795  0.000000
1796  0.000000
1797  0.000000
1798  0.000000
1799  0.020000
1800  0.020000
1801  0.020000
1802  0.020000
1803  0.020000
1804  0.020000
1805  0.020000
1806  0.020000
1807  0.000000
1808  0.000000
1809  0.020000
1810  4.040000
1811  4.040000
1812  4.040000
1813  4.040000
1814  4.040000
1815  4.040000
1816  4.040000
1817  4.040000
1818  4.040000
1819  4.040000
1820  4.020000
1821  4.040000
1822  4.040000
1823  4.040000
1824  4.040000
1825  4.040000
1826  4.040000
1827  4.040000
1828  4.020000
1829  4.040000
1830  0.000000
1831  0.020000
1832  0.000000
1833  0.020000
1834  0.000000
1835  0.020000
1836  0.020000
1837  0.000000
1838  0.000000
1839  0.020000
1840  0.000000
1841  0.020000
1842  0.020000
1843  0.020000
1844  0.000000
1845  0.020000
1846  0.000000
1847  0.020000
1848  0.000000
1849  0.020000
1850  4.060000
1851  4.040000
1852  4.040000
1853  4.040000
1854  4.040000
1855  4.060000
1856  4.040000
1857  4.040000
1858  4.040000
1859  4.040000
1860  4.040000
1861  4.040000
1862  4.040000
1863  4.040000
1864  4.020000
1865  4.040000
1866  4.040000
1867  4.040000
1868  4.040000
1869  4.040000
1870  0.020000
1871  0.020000
1872  0.020000
1873  0.020000
1874  0.020000
1875  0.020000
1876  0.020000
1877  0.020000
1878  0.020000
1879  0.000000
1880  0.040000
1881  0.000000
1882  0.020000
1883  0.000000
1884  0.020000
1885  0.000000
1886  0.020000
1887  0.000000
1888  0.020000
1889  0.000000
1890  4.040000
1891  4.060000
1892  4.040000
1893  4.040000
1894  4.020000
1895  4.040000
1896  4.040000
1897  4.040000
1898  4.040000
1899  4.040000
1900  4.040000
1901  4.040000
1902  4.040000
1903  4.040000
1904  4.040000
1905  4.020000
1906  4.040000
1907  4.040000
1908  4.040000
1909  4.040000
1910  4.040000
1911  0.000000
1912  0.040000
1913  0.020000
1914  0.020000
1915  0.000000
1916  0.040000
1917  0.020000
1918  0.020000
1919  0.000000
1920  0.020000
1921  0.020000
1922  0.020000
1923  0.020000
1924  0.020000
1925  0.040000
1926  0.020000
1927  0.000000
1928  0.020000
1929  0.020000
1930  0.020000
1931  4.040000
1932  4.040000
1933  4.060000
1934  4.040000
1935  4.060000
1936  4.040000
1937  4.040000
1938  4.020000
1939  4.040000
1940  4.040000
1941  4.040000
1942  4.040000
1943  4.020000
1944  4.060000
1945  4.040000
1946  4.040000
1947  4.040000
1948  4.040000
1949  4.040000
1950  4.040000
1951  0.020000
1952  0.000000
1953  0.020000
1954  0.000000
1955  0.020000
1956  0.020000
1957  0.020000
1958  0.000000
1959  0.020000
1960  0.000000
1961  0.040000
1962  0.000000
1963  0.020000
1964  0.000000
1965  0.040000
1966  0.000000
1967  0.040000
1968  0.000000
1969  0.020000
1970  0.020000
1971  4.040000
1972  4.040000
1973  4.040000
1974  4.060000
1975  4.040000
1976  4.040000
1977  4.040000
1978  4.040000
1979  4.060000
1980  4.060000
1981  4.040000
1982  4.040000
1983  4.020000
1984  4.040000
1985  4.040000
1986  4.040000
1987  4.040000
1988  4.020000
1989  4.060000
1990  4.040000
1991  0.020000
1992  0.000000
1993  0.020000
1994  0.020000
1995  0.020000
1996  0.000000
1997  0.020000
1998  0.020000
1999  0.000000
2000  0.020000
2001  0.020000
2002  0.020000
2003  0.000000
2004  0.020000
2005  0.000000
2006  0.020000
2007  0.000000
2008  0.020000
2009  0.000000
2010  0.020000
2011  4.040000
2012  4.040000
2013  4.020000
2014  4.060000
2015  4.040000
2016  4.020000
2017  4.040000
2018  4.040000
2019  4.040000
2020  4.040000
2021  4.040000
2022  4.040000
2023  4.060000
2024  4.020000
2025  4.040000
2026  4.040000
2027  4.040000
2028  4.020000
2029  4.040000
2030  4.040000
2031  0.000000
2032  0.020000
2033  0.020000
2034  0.020000
2035  0.000000
2036  0.020000
2037  0.000000
2038  0.020000
2039  0.020000
2040  0.020000
2041  0.000000
2042  0.020000
2043  0.020000
2044  0.020000
2045  0.000000
2046  0.020000
2047  0.020000
2048  0.000000
