Nama File =kotak5H_1k.dat
Time Sampling =0.0010
1  4.040000
2  2.080000
3  0.000000
4  0.000000
5  0.000000
6  0.000000
7  0.020000
8  0.020000
9  0.020000
10  0.020000
11  0.020000
12  0.020000
13  0.020000
14  0.000000
15  0.000000
16  4.040000
17  4.040000
18  4.040000
19  4.020000
20  4.040000
21  4.040000
22  4.040000
23  4.040000
24  4.040000
25  4.040000
26  4.040000
27  4.040000
28  4.040000
29  4.040000
30  4.060000
31  4.040000
32  4.040000
33  4.040000
34  4.040000
35  4.000000
36  4.040000
37  4.020000
38  4.040000
39  4.040000
40  4.040000
41  4.040000
42  4.040000
43  4.040000
44  4.040000
45  4.020000
46  4.040000
47  4.040000
48  4.060000
49  4.040000
50  4.040000
51  4.040000
52  4.040000
53  4.040000
54  4.040000
55  4.060000
56  4.040000
57  4.040000
58  4.040000
59  4.040000
60  4.040000
61  4.040000
62  4.040000
63  4.040000
64  4.040000
65  4.060000
66  4.040000
67  4.040000
68  4.040000
69  4.040000
70  4.060000
71  4.040000
72  4.040000
73  4.040000
74  4.040000
75  4.040000
76  4.040000
77  4.040000
78  4.040000
79  4.040000
80  4.040000
81  4.040000
82  4.040000
83  4.040000
84  4.040000
85  4.060000
86  4.040000
87  4.040000
88  4.040000
89  4.040000
90  4.040000
91  4.060000
92  4.040000
93  4.040000
94  4.060000
95  4.040000
96  4.020000
97  4.040000
98  4.040000
99  4.040000
100  4.040000
101  4.040000
102  4.040000
103  4.040000
104  4.060000
105  4.040000
106  4.040000
107  4.020000
108  4.040000
109  4.040000
110  4.040000
111  4.040000
112  4.040000
113  4.040000
114  4.040000
115  0.000000
116  0.000000
117  0.020000
118  0.020000
119  0.020000
120  0.020000
121  0.020000
122  0.020000
123  0.000000
124  0.000000
125  0.000000
126  0.020000
127  0.020000
128  0.020000
129  0.020000
130  0.020000
131  0.020000
132  0.020000
133  0.000000
134  0.000000
135  0.020000
136  0.020000
137  0.020000
138  0.020000
139  0.020000
140  0.020000
141  0.020000
142  0.020000
143  0.000000
144  0.000000
145  0.000000
146  0.000000
147  0.020000
148  0.020000
149  0.020000
150  0.020000
151  0.040000
152  0.020000
153  0.020000
154  0.000000
155  0.000000
156  0.000000
157  0.020000
158  0.020000
159  0.020000
160  0.020000
161  0.020000
162  0.020000
163  0.000000
164  0.000000
165  0.000000
166  0.020000
167  0.020000
168  0.020000
169  0.040000
170  0.020000
171  0.020000
172  0.020000
173  0.020000
174  0.000000
175  0.000000
176  0.020000
177  0.000000
178  0.020000
179  0.020000
180  0.020000
181  0.020000
182  0.020000
183  0.000000
184  0.000000
185  0.000000
186  0.000000
187  0.020000
188  0.020000
189  0.020000
190  0.020000
191  0.040000
192  0.020000
193  0.020000
194  0.020000
195  0.000000
196  0.000000
197  0.020000
198  0.020000
199  0.020000
200  0.020000
201  0.020000
202  0.020000
203  0.000000
204  0.000000
205  0.000000
206  0.000000
207  0.020000
208  0.020000
209  0.040000
210  0.020000
211  0.020000
212  0.020000
213  4.040000
214  4.020000
215  4.040000
216  4.040000
217  4.040000
218  4.040000
219  4.060000
220  4.040000
221  4.040000
222  4.040000
223  4.020000
224  4.060000
225  4.060000
226  4.040000
227  4.040000
228  4.040000
229  4.040000
230  4.040000
231  4.040000
232  4.040000
233  4.040000
234  4.040000
235  4.060000
236  4.040000
237  4.040000
238  4.020000
239  4.020000
240  4.040000
241  4.040000
242  4.040000
243  4.040000
244  4.060000
245  4.040000
246  4.040000
247  4.040000
248  4.040000
249  4.040000
250  4.060000
251  4.040000
252  4.040000
253  4.040000
254  4.040000
255  4.040000
256  4.040000
257  4.040000
258  4.040000
259  4.040000
260  4.040000
261  4.040000
262  4.040000
263  4.040000
264  4.040000
265  4.060000
266  4.060000
267  4.040000
268  4.040000
269  4.040000
270  4.040000
271  4.040000
272  4.040000
273  4.040000
274  4.060000
275  4.060000
276  4.040000
277  4.040000
278  4.040000
279  4.040000
280  4.020000
281  4.040000
282  4.040000
283  4.040000
284  4.060000
285  4.040000
286  4.040000
287  4.040000
288  4.040000
289  4.040000
290  4.040000
291  4.040000
292  4.040000
293  4.040000
294  4.060000
295  4.040000
296  4.060000
297  4.040000
298  4.040000
299  4.020000
300  4.040000
301  4.040000
302  4.040000
303  4.040000
304  4.040000
305  4.040000
306  4.040000
307  4.040000
308  4.040000
309  4.040000
310  4.040000
311  4.040000
312  4.040000
313  0.000000
314  0.000000
315  0.000000
316  0.020000
317  0.020000
318  0.020000
319  0.020000
320  0.020000
321  0.020000
322  0.020000
323  0.000000
324  0.000000
325  0.020000
326  0.020000
327  0.020000
328  0.040000
329  0.020000
330  0.040000
331  0.040000
332  0.040000
333  0.000000
334  0.000000
335  0.000000
336  0.020000
337  0.020000
338  0.020000
339  0.020000
340  0.020000
341  0.020000
342  0.020000
343  0.020000
344  0.000000
345  0.000000
346  0.020000
347  0.020000
348  0.020000
349  0.020000
350  0.020000
351  0.020000
352  0.020000
353  0.020000
354  0.000000
355  0.020000
356  0.020000
357  0.020000
358  0.020000
359  0.020000
360  0.020000
361  0.020000
362  0.020000
363  0.000000
364  0.000000
365  0.020000
366  0.000000
367  0.020000
368  0.020000
369  0.020000
370  0.020000
371  0.020000
372  0.020000
373  0.020000
374  0.000000
375  0.020000
376  0.000000
377  0.020000
378  0.000000
379  0.020000
380  0.020000
381  0.020000
382  0.020000
383  0.000000
384  0.000000
385  0.000000
386  0.020000
387  0.020000
388  0.020000
389  0.020000
390  0.040000
391  0.020000
392  0.020000
393  0.020000
394  0.000000
395  0.000000
396  0.020000
397  0.020000
398  0.020000
399  0.020000
400  0.020000
401  0.020000
402  0.020000
403  0.020000
404  0.000000
405  0.000000
406  0.020000
407  0.020000
408  0.020000
409  0.020000
410  0.020000
411  4.040000
412  4.040000
413  4.040000
414  4.040000
415  4.060000
416  4.040000
417  4.040000
418  4.020000
419  4.040000
420  4.040000
421  4.040000
422  4.040000
423  4.040000
424  4.060000
425  4.040000
426  4.040000
427  4.040000
428  4.040000
429  4.040000
430  4.040000
431  4.040000
432  4.040000
433  4.040000
434  4.040000
435  4.040000
436  4.020000
437  4.040000
438  4.040000
439  4.040000
440  4.040000
441  4.040000
442  4.040000
443  4.040000
444  4.040000
445  4.040000
446  4.040000
447  4.040000
448  4.040000
449  4.040000
450  4.040000
451  4.040000
452  4.040000
453  4.040000
454  4.040000
455  4.060000
456  4.040000
457  4.040000
458  4.040000
459  4.040000
460  4.020000
461  4.040000
462  4.020000
463  4.040000
464  4.040000
465  4.040000
466  4.040000
467  4.040000
468  4.060000
469  4.040000
470  4.040000
471  4.060000
472  4.040000
473  4.040000
474  4.040000
475  4.040000
476  4.040000
477  4.040000
478  4.020000
479  4.040000
480  4.040000
481  4.040000
482  4.040000
483  4.040000
484  4.040000
485  4.040000
486  4.040000
487  4.040000
488  4.040000
489  4.040000
490  4.040000
491  4.040000
492  4.040000
493  4.040000
494  4.040000
495  4.040000
496  4.040000
497  4.020000
498  4.040000
499  4.040000
500  4.020000
501  4.040000
502  4.020000
503  4.040000
504  4.060000
505  4.020000
506  4.040000
507  4.040000
508  4.040000
509  4.040000
510  0.020000
511  0.020000
512  0.020000
513  0.000000
514  0.020000
515  0.000000
516  0.000000
517  0.020000
518  0.000000
519  0.020000
520  0.000000
521  0.020000
522  0.020000
523  0.000000
524  0.000000
525  0.000000
526  0.020000
527  0.020000
528  0.020000
529  0.040000
530  0.020000
531  0.020000
532  0.020000
533  0.000000
534  0.020000
535  0.000000
536  0.020000
537  0.020000
538  0.020000
539  0.020000
540  0.020000
541  0.020000
542  0.020000
543  0.000000
544  0.000000
545  0.020000
546  0.020000
547  0.020000
548  0.040000
549  0.020000
550  0.020000
551  0.020000
552  0.040000
553  0.000000
554  0.000000
555  0.000000
556  0.020000
557  0.020000
558  0.020000
559  0.020000
560  0.020000
561  0.020000
562  0.020000
563  0.020000
564  0.000000
565  0.000000
566  0.020000
567  0.020000
568  0.020000
569  0.020000
570  0.020000
571  0.020000
572  0.020000
573  0.000000
574  0.020000
575  0.000000
576  0.020000
577  0.020000
578  0.020000
579  0.020000
580  0.020000
581  0.000000
582  0.020000
583  0.000000
584  0.000000
585  0.000000
586  0.020000
587  0.020000
588  0.040000
589  0.020000
590  0.020000
591  0.020000
592  0.000000
593  0.000000
594  0.000000
595  0.000000
596  0.000000
597  0.020000
598  0.020000
599  0.020000
600  0.020000
601  0.020000
602  0.000000
603  0.000000
604  0.000000
605  0.000000
606  0.020000
607  0.020000
608  4.040000
609  4.040000
610  4.060000
611  4.020000
612  4.040000
613  4.060000
614  4.040000
615  4.040000
616  4.040000
617  4.040000
618  4.040000
619  4.060000
620  4.040000
621  4.040000
622  4.020000
623  4.040000
624  4.020000
625  4.060000
626  4.040000
627  4.040000
628  4.040000
629  4.020000
630  4.040000
631  4.040000
632  4.020000
633  4.040000
634  4.040000
635  4.020000
636  4.040000
637  4.040000
638  4.040000
639  4.040000
640  4.020000
641  4.040000
642  4.040000
643  4.060000
644  4.060000
645  4.060000
646  4.040000
647  4.040000
648  4.040000
649  4.040000
650  4.040000
651  4.060000
652  4.040000
653  4.040000
654  4.060000
655  4.040000
656  4.040000
657  4.040000
658  4.040000
659  4.040000
660  4.040000
661  4.040000
662  4.020000
663  4.060000
664  4.000000
665  4.040000
666  4.040000
667  4.040000
668  4.040000
669  4.040000
670  4.040000
671  4.040000
672  4.040000
673  4.040000
674  4.040000
675  4.040000
676  4.040000
677  4.040000
678  4.040000
679  4.040000
680  4.040000
681  4.040000
682  4.020000
683  4.040000
684  4.060000
685  4.060000
686  4.040000
687  4.040000
688  4.040000
689  4.040000
690  4.040000
691  4.060000
692  4.040000
693  4.040000
694  4.060000
695  4.060000
696  4.040000
697  4.040000
698  4.040000
699  4.040000
700  4.040000
701  4.040000
702  4.040000
703  4.040000
704  4.040000
705  4.000000
706  4.040000
707  4.040000
708  0.020000
709  0.000000
710  0.020000
711  0.020000
712  0.020000
713  0.000000
714  0.000000
715  0.000000
716  0.020000
717  0.020000
718  0.020000
719  0.020000
720  0.020000
721  0.000000
722  0.020000
723  0.000000
724  0.000000
725  0.000000
726  0.020000
727  0.020000
728  0.020000
729  0.020000
730  0.020000
731  0.020000
732  0.020000
733  0.000000
734  0.020000
735  0.020000
736  0.020000
737  0.020000
738  0.020000
739  0.000000
740  0.000000
741  0.020000
742  0.020000
743  0.000000
744  0.000000
745  0.000000
746  0.020000
747  0.020000
748  0.020000
749  0.020000
750  0.040000
751  0.020000
752  0.020000
753  0.000000
754  0.000000
755  0.000000
756  0.020000
757  0.020000
758  0.020000
759  0.020000
760  0.020000
761  0.020000
762  0.020000
763  0.000000
764  0.000000
765  0.000000
766  0.020000
767  0.020000
768  0.020000
769  0.020000
770  0.020000
771  0.020000
772  0.020000
773  0.000000
774  0.000000
775  0.020000
776  0.020000
777  0.020000
778  0.020000
779  0.020000
780  0.020000
781  0.020000
782  0.020000
783  0.000000
784  0.000000
785  0.000000
786  0.020000
787  0.020000
788  0.020000
789  0.020000
790  0.020000
791  0.040000
792  0.020000
793  0.020000
794  0.000000
795  0.000000
796  0.020000
797  0.020000
798  0.020000
799  0.020000
800  0.020000
801  0.020000
802  0.020000
803  0.000000
804  0.000000
805  0.020000
806  4.040000
807  4.040000
808  4.040000
809  4.040000
810  4.040000
811  4.040000
812  4.080000
813  4.040000
814  4.040000
815  4.040000
816  4.040000
817  4.040000
818  4.040000
819  4.040000
820  4.020000
821  4.020000
822  4.020000
823  4.060000
824  4.040000
825  4.040000
826  4.040000
827  4.040000
828  4.040000
829  4.040000
830  4.040000
831  4.040000
832  4.040000
833  4.040000
834  4.040000
835  4.040000
836  4.040000
837  4.040000
838  4.040000
839  4.040000
840  4.040000
841  4.040000
842  4.040000
843  4.040000
844  4.040000
845  4.040000
846  4.040000
847  4.040000
848  4.040000
849  4.040000
850  4.040000
851  4.040000
852  4.040000
853  4.040000
854  4.040000
855  4.060000
856  4.060000
857  4.040000
858  4.040000
859  4.040000
860  4.020000
861  4.040000
862  4.040000
863  4.040000
864  4.040000
865  4.060000
866  4.040000
867  4.040000
868  4.040000
869  4.040000
870  4.040000
871  4.040000
872  4.060000
873  4.040000
874  4.060000
875  4.040000
876  4.040000
877  4.040000
878  4.040000
879  4.020000
880  4.040000
881  4.020000
882  4.040000
883  4.060000
884  4.040000
885  4.040000
886  4.040000
887  4.040000
888  4.040000
889  4.060000
890  4.040000
891  4.040000
892  4.040000
893  4.060000
894  4.040000
895  4.040000
896  4.040000
897  4.040000
898  4.040000
899  4.040000
900  4.020000
901  4.040000
902  4.040000
903  4.040000
904  4.040000
905  0.000000
906  0.000000
907  0.020000
908  0.020000
909  0.020000
910  0.020000
911  0.020000
912  0.020000
913  0.000000
914  0.020000
915  0.000000
916  0.020000
917  0.020000
918  0.020000
919  0.020000
920  0.020000
921  0.020000
922  0.020000
923  0.000000
924  0.000000
925  0.000000
926  0.020000
927  0.020000
928  0.020000
929  0.020000
930  0.040000
931  0.020000
932  0.020000
933  0.020000
934  0.000000
935  0.000000
936  0.020000
937  0.000000
938  0.020000
939  0.020000
940  0.020000
941  0.020000
942  0.040000
943  0.000000
944  0.000000
945  0.000000
946  0.020000
947  0.020000
948  0.020000
949  0.040000
950  0.020000
951  0.020000
952  0.020000
953  0.000000
954  0.000000
955  0.020000
956  0.020000
957  0.040000
958  0.020000
959  0.000000
960  0.020000
961  0.020000
962  0.020000
963  0.000000
964  0.000000
965  0.000000
966  0.020000
967  0.020000
968  0.020000
969  0.020000
970  0.020000
971  0.020000
972  0.020000
973  0.000000
974  0.000000
975  0.000000
976  0.000000
977  0.020000
978  0.000000
979  0.020000
980  0.020000
981  0.020000
982  0.040000
983  0.020000
984  0.000000
985  0.000000
986  0.040000
987  0.020000
988  0.040000
989  0.040000
990  0.020000
991  0.020000
992  0.020000
993  0.000000
994  0.000000
995  0.020000
996  0.020000
997  0.020000
998  0.020000
999  0.020000
1000  0.020000
1001  0.020000
1002  0.020000
1003  4.020000
1004  4.060000
1005  4.060000
1006  4.020000
1007  4.040000
1008  4.040000
1009  4.040000
1010  4.040000
1011  4.040000
1012  4.040000
1013  4.040000
1014  4.060000
1015  4.040000
1016  4.040000
1017  4.040000
1018  4.040000
1019  4.040000
1020  4.040000
1021  4.040000
1022  4.040000
1023  4.060000
1024  4.040000
1025  4.060000
1026  4.060000
1027  4.040000
1028  4.040000
1029  4.040000
1030  4.040000
1031  4.040000
1032  4.040000
1033  4.040000
1034  4.040000
1035  4.040000
1036  4.040000
1037  4.040000
1038  4.040000
1039  4.040000
1040  4.040000
1041  4.040000
1042  4.040000
1043  4.040000
1044  4.040000
1045  4.040000
1046  4.040000
1047  4.040000
1048  4.040000
1049  4.040000
1050  4.060000
1051  4.040000
1052  4.040000
1053  4.040000
1054  4.060000
1055  4.040000
1056  4.040000
1057  4.040000
1058  4.000000
1059  4.040000
1060  4.040000
1061  4.040000
1062  4.040000
1063  4.060000
1064  4.060000
1065  4.040000
1066  4.040000
1067  4.040000
1068  4.040000
1069  4.040000
1070  4.060000
1071  4.040000
1072  4.040000
1073  4.060000
1074  4.060000
1075  4.040000
1076  4.040000
1077  4.040000
1078  4.040000
1079  4.040000
1080  4.040000
1081  4.040000
1082  4.040000
1083  4.040000
1084  4.060000
1085  4.040000
1086  4.040000
1087  4.040000
1088  4.040000
1089  4.040000
1090  4.040000
1091  4.040000
1092  4.060000
1093  4.040000
1094  4.040000
1095  4.040000
1096  4.040000
1097  4.040000
1098  4.040000
1099  4.040000
1100  4.040000
1101  4.040000
1102  0.000000
1103  0.000000
1104  0.000000
1105  0.000000
1106  0.000000
1107  0.020000
1108  0.020000
1109  0.020000
1110  0.000000
1111  0.020000
1112  0.020000
1113  0.020000
1114  0.000000
1115  0.000000
1116  0.020000
1117  0.000000
1118  0.020000
1119  0.020000
1120  0.020000
1121  0.020000
1122  0.020000
1123  0.020000
1124  0.000000
1125  0.000000
1126  0.020000
1127  0.020000
1128  0.020000
1129  0.020000
1130  0.020000
1131  0.020000
1132  0.020000
1133  0.000000
1134  0.020000
1135  0.000000
1136  0.020000
1137  0.000000
1138  0.020000
1139  0.000000
1140  0.000000
1141  0.020000
1142  0.020000
1143  0.000000
1144  0.000000
1145  0.000000
1146  0.020000
1147  0.020000
1148  0.040000
1149  0.020000
1150  0.020000
1151  0.020000
1152  0.040000
1153  0.020000
1154  0.000000
1155  0.000000
1156  0.020000
1157  0.020000
1158  0.020000
1159  0.020000
1160  0.020000
1161  0.020000
1162  0.020000
1163  0.020000
1164  0.000000
1165  0.000000
1166  0.020000
1167  0.020000
1168  0.040000
1169  0.040000
1170  0.020000
1171  0.020000
1172  0.020000
1173  0.000000
1174  0.000000
1175  0.000000
1176  0.020000
1177  0.020000
1178  0.020000
1179  0.020000
1180  0.020000
1181  0.020000
1182  0.020000
1183  0.000000
1184  0.000000
1185  0.000000
1186  0.020000
1187  0.020000
1188  0.020000
1189  0.020000
1190  0.020000
1191  0.020000
1192  0.020000
1193  0.000000
1194  0.020000
1195  0.000000
1196  0.020000
1197  0.020000
1198  0.020000
1199  0.020000
1200  0.020000
1201  4.040000
1202  4.040000
1203  4.060000
1204  4.060000
1205  4.040000
1206  4.040000
1207  4.040000
1208  4.040000
1209  4.040000
1210  4.060000
1211  4.040000
1212  4.040000
1213  4.040000
1214  4.020000
1215  4.040000
1216  4.040000
1217  4.040000
1218  4.040000
1219  4.040000
1220  4.040000
1221  4.040000
1222  4.040000
1223  4.040000
1224  4.060000
1225  4.040000
1226  4.040000
1227  4.040000
1228  4.040000
1229  4.040000
1230  4.040000
1231  4.040000
1232  4.040000
1233  4.020000
1234  4.060000
1235  4.040000
1236  4.040000
1237  4.040000
1238  4.040000
1239  4.020000
1240  4.040000
1241  4.040000
1242  4.040000
1243  4.040000
1244  4.020000
1245  4.040000
1246  4.040000
1247  4.040000
1248  4.040000
1249  4.040000
1250  4.060000
1251  4.040000
1252  4.040000
1253  4.060000
1254  4.040000
1255  4.060000
1256  4.040000
1257  4.040000
1258  4.040000
1259  4.040000
1260  4.020000
1261  4.040000
1262  4.040000
1263  4.040000
1264  4.040000
1265  4.040000
1266  4.040000
1267  4.040000
1268  4.040000
1269  4.060000
1270  4.040000
1271  4.040000
1272  4.040000
1273  4.040000
1274  4.060000
1275  4.060000
1276  4.040000
1277  4.040000
1278  4.040000
1279  4.060000
1280  4.040000
1281  4.040000
1282  4.040000
1283  4.060000
1284  4.060000
1285  4.020000
1286  4.040000
1287  4.040000
1288  4.040000
1289  4.040000
1290  4.040000
1291  4.040000
1292  4.040000
1293  4.040000
1294  4.040000
1295  4.040000
1296  4.040000
1297  4.040000
1298  4.040000
1299  4.040000
1300  0.020000
1301  0.020000
1302  0.020000
1303  0.000000
1304  0.000000
1305  0.000000
1306  0.040000
1307  0.020000
1308  0.020000
1309  0.040000
1310  0.020000
1311  0.020000
1312  0.020000
1313  0.000000
1314  0.000000
1315  0.020000
1316  0.020000
1317  0.020000
1318  0.020000
1319  0.020000
1320  0.020000
1321  0.020000
1322  0.020000
1323  0.000000
1324  0.020000
1325  0.000000
1326  0.020000
1327  0.040000
1328  0.020000
1329  0.020000
1330  0.020000
1331  0.000000
1332  0.020000
1333  0.040000
1334  0.020000
1335  0.000000
1336  0.020000
1337  0.020000
1338  0.020000
1339  0.000000
1340  0.020000
1341  0.020000
1342  0.020000
1343  0.000000
1344  0.000000
1345  0.000000
1346  0.020000
1347  0.020000
1348  0.020000
1349  0.020000
1350  0.020000
1351  0.020000
1352  0.020000
1353  0.000000
1354  0.000000
1355  0.000000
1356  0.020000
1357  0.020000
1358  0.020000
1359  0.020000
1360  0.020000
1361  0.020000
1362  0.020000
1363  0.000000
1364  0.000000
1365  0.020000
1366  0.020000
1367  0.020000
1368  0.020000
1369  0.020000
1370  0.020000
1371  0.020000
1372  0.020000
1373  0.000000
1374  0.000000
1375  0.000000
1376  0.020000
1377  0.020000
1378  0.000000
1379  0.020000
1380  0.020000
1381  0.020000
1382  0.020000
1383  0.020000
1384  0.000000
1385  0.000000
1386  0.020000
1387  0.020000
1388  0.020000
1389  0.040000
1390  0.020000
1391  0.020000
1392  0.020000
1393  0.000000
1394  0.000000
1395  0.020000
1396  0.020000
1397  0.020000
1398  4.040000
1399  4.040000
1400  4.060000
1401  4.040000
1402  4.040000
1403  4.040000
1404  4.040000
1405  4.020000
1406  4.040000
1407  4.040000
1408  4.040000
1409  4.040000
1410  4.060000
1411  4.040000
1412  4.040000
1413  4.040000
1414  4.040000
1415  4.040000
1416  4.000000
1417  4.040000
1418  4.040000
1419  4.040000
1420  4.040000
1421  4.040000
1422  4.020000
1423  4.040000
1424  4.040000
1425  4.020000
1426  4.040000
1427  4.040000
1428  4.040000
1429  4.040000
1430  4.040000
1431  4.040000
1432  4.040000
1433  4.040000
1434  4.040000
1435  4.040000
1436  4.040000
1437  4.040000
1438  4.040000
1439  4.040000
1440  4.040000
1441  4.040000
1442  4.040000
1443  4.040000
1444  4.040000
1445  4.040000
1446  4.040000
1447  4.040000
1448  4.040000
1449  4.040000
1450  4.040000
1451  4.040000
1452  4.040000
1453  4.020000
1454  4.040000
1455  4.020000
1456  4.040000
1457  4.040000
1458  4.040000
1459  4.040000
1460  4.040000
1461  4.040000
1462  4.040000
1463  4.040000
1464  4.040000
1465  4.040000
1466  4.040000
1467  4.040000
1468  4.040000
1469  4.040000
1470  4.040000
1471  4.040000
1472  4.060000
1473  4.060000
1474  4.040000
1475  4.040000
1476  4.040000
1477  4.040000
1478  4.040000
1479  4.040000
1480  4.040000
1481  4.040000
1482  4.040000
1483  4.040000
1484  4.060000
1485  4.040000
1486  4.040000
1487  4.020000
1488  4.040000
1489  4.040000
1490  4.040000
1491  4.040000
1492  4.020000
1493  4.040000
1494  4.040000
1495  4.060000
1496  4.040000
1497  0.020000
1498  0.020000
1499  0.000000
1500  0.000000
1501  0.020000
1502  0.020000
1503  0.000000
1504  0.000000
1505  0.000000
1506  0.000000
1507  0.020000
1508  0.020000
1509  0.020000
1510  0.040000
1511  0.020000
1512  0.020000
1513  0.000000
1514  0.020000
1515  0.000000
1516  0.020000
1517  0.020000
1518  0.020000
1519  0.020000
1520  0.020000
1521  0.020000
1522  0.020000
1523  0.000000
1524  0.000000
1525  0.020000
1526  0.000000
1527  0.020000
1528  0.020000
1529  0.040000
1530  0.020000
1531  0.020000
1532  0.040000
1533  0.000000
1534  0.000000
1535  0.000000
1536  0.020000
1537  0.020000
1538  0.020000
1539  0.020000
1540  0.020000
1541  0.020000
1542  0.020000
1543  0.000000
1544  0.000000
1545  0.020000
1546  0.020000
1547  0.020000
1548  0.020000
1549  0.020000
1550  0.020000
1551  0.020000
1552  0.020000
1553  0.020000
1554  0.000000
1555  0.000000
1556  0.020000
1557  0.020000
1558  0.020000
1559  0.020000
1560  0.020000
1561  0.020000
1562  0.020000
1563  0.000000
1564  0.000000
1565  0.000000
1566  0.020000
1567  0.020000
1568  0.020000
1569  0.040000
1570  0.020000
1571  0.000000
1572  0.020000
1573  0.000000
1574  0.000000
1575  0.000000
1576  0.020000
1577  0.000000
1578  0.020000
1579  0.020000
1580  0.020000
1581  0.000000
1582  0.020000
1583  0.000000
1584  0.000000
1585  0.000000
1586  0.040000
1587  0.040000
1588  0.020000
1589  0.020000
1590  0.020000
1591  0.020000
1592  0.020000
1593  0.000000
1594  0.020000
1595  4.060000
1596  4.040000
1597  4.040000
1598  4.040000
1599  4.040000
1600  4.040000
1601  4.040000
1602  4.040000
1603  4.040000
1604  4.040000
1605  4.040000
1606  4.040000
1607  4.040000
1608  4.040000
1609  4.040000
1610  4.040000
1611  4.040000
1612  4.040000
1613  4.040000
1614  4.040000
1615  4.040000
1616  4.040000
1617  4.040000
1618  4.020000
1619  4.040000
1620  4.040000
1621  4.040000
1622  4.040000
1623  4.040000
1624  4.020000
1625  4.040000
1626  4.040000
1627  4.040000
1628  4.040000
1629  4.040000
1630  4.040000
1631  4.040000
1632  4.040000
1633  4.040000
1634  4.040000
1635  4.040000
1636  4.040000
1637  4.040000
1638  4.040000
1639  4.040000
1640  4.040000
1641  4.040000
1642  4.060000
1643  4.040000
1644  4.060000
1645  4.040000
1646  4.040000
1647  4.040000
1648  4.040000
1649  4.040000
1650  4.060000
1651  4.040000
1652  4.040000
1653  4.040000
1654  4.040000
1655  4.060000
1656  4.040000
1657  4.040000
1658  4.040000
1659  4.040000
1660  4.060000
1661  4.040000
1662  4.040000
1663  4.060000
1664  4.040000
1665  4.040000
1666  4.040000
1667  4.040000
1668  4.020000
1669  4.040000
1670  4.040000
1671  4.060000
1672  4.040000
1673  4.040000
1674  4.040000
1675  4.040000
1676  4.040000
1677  4.040000
1678  4.040000
1679  4.060000
1680  4.040000
1681  4.040000
1682  4.060000
1683  4.040000
1684  4.040000
1685  4.040000
1686  4.040000
1687  4.040000
1688  4.060000
1689  4.040000
1690  4.040000
1691  4.040000
1692  4.040000
1693  4.060000
1694  4.040000
1695  0.000000
1696  0.020000
1697  0.020000
1698  0.020000
1699  0.020000
1700  0.020000
1701  0.020000
1702  0.020000
1703  0.000000
1704  0.000000
1705  0.000000
1706  0.020000
1707  0.020000
1708  0.020000
1709  0.020000
1710  0.020000
1711  0.020000
1712  0.020000
1713  0.000000
1714  0.000000
1715  0.020000
1716  0.020000
1717  0.020000
1718  0.020000
1719  0.020000
1720  0.020000
1721  0.020000
1722  0.000000
1723  0.000000
1724  0.000000
1725  0.000000
1726  0.020000
1727  0.020000
1728  0.040000
1729  0.020000
1730  0.000000
1731  0.020000
1732  0.020000
1733  0.000000
1734  0.000000
1735  0.000000
1736  0.020000
1737  0.020000
1738  0.020000
1739  0.020000
1740  0.020000
1741  0.020000
1742  0.000000
1743  0.000000
1744  0.000000
1745  0.000000
1746  0.040000
1747  0.040000
1748  0.020000
1749  0.020000
1750  0.020000
1751  0.020000
1752  0.020000
1753  0.020000
1754  0.000000
1755  0.000000
1756  0.020000
1757  0.000000
1758  0.020000
1759  0.040000
1760  0.020000
1761  0.020000
1762  0.000000
1763  0.000000
1764  0.000000
1765  0.020000
1766  0.040000
1767  0.000000
1768  0.040000
1769  0.020000
1770  0.020000
1771  0.020000
1772  0.000000
1773  0.000000
1774  0.000000
1775  0.000000
1776  0.020000
1777  0.020000
1778  0.020000
1779  0.020000
1780  0.020000
1781  0.020000
1782  0.000000
1783  0.000000
1784  0.000000
1785  0.000000
1786  0.020000
1787  0.020000
1788  0.020000
1789  0.020000
1790  0.020000
1791  0.020000
1792  0.020000
1793  4.060000
1794  4.040000
1795  4.040000
1796  4.040000
1797  4.040000
1798  4.040000
1799  4.040000
1800  4.040000
1801  4.040000
1802  4.060000
1803  4.040000
1804  4.040000
1805  4.040000
1806  4.040000
1807  4.040000
1808  4.040000
1809  4.040000
1810  4.040000
1811  4.040000
1812  4.040000
1813  4.040000
1814  4.040000
1815  4.040000
1816  4.040000
1817  4.040000
1818  4.040000
1819  4.040000
1820  4.040000
1821  4.040000
1822  4.040000
1823  4.040000
1824  4.060000
1825  4.020000
1826  4.040000
1827  4.040000
1828  4.040000
1829  4.040000
1830  4.040000
1831  4.040000
1832  4.040000
1833  4.040000
1834  4.040000
1835  4.040000
1836  4.040000
1837  4.060000
1838  4.040000
1839  4.040000
1840  4.040000
1841  4.040000
1842  4.040000
1843  4.040000
1844  4.040000
1845  4.040000
1846  4.040000
1847  4.040000
1848  4.040000
1849  4.060000
1850  4.040000
1851  4.040000
1852  4.040000
1853  4.040000
1854  4.040000
1855  4.060000
1856  4.040000
1857  4.040000
1858  4.040000
1859  4.040000
1860  4.040000
1861  4.020000
1862  4.040000
1863  4.040000
1864  4.040000
1865  4.040000
1866  4.040000
1867  4.040000
1868  4.040000
1869  4.040000
1870  4.040000
1871  4.060000
1872  4.040000
1873  4.040000
1874  4.060000
1875  4.060000
1876  4.040000
1877  4.040000
1878  4.040000
1879  4.040000
1880  4.040000
1881  4.040000
1882  4.060000
1883  4.060000
1884  4.040000
1885  4.060000
1886  4.040000
1887  4.040000
1888  4.020000
1889  4.060000
1890  4.040000
1891  4.040000
1892  0.020000
1893  0.000000
1894  0.000000
1895  0.020000
1896  0.020000
1897  0.020000
1898  0.020000
1899  0.020000
1900  0.020000
1901  0.020000
1902  0.020000
1903  0.000000
1904  0.000000
1905  0.020000
1906  0.020000
1907  0.020000
1908  0.020000
1909  0.020000
1910  0.020000
1911  0.020000
1912  0.000000
1913  0.000000
1914  0.000000
1915  0.000000
1916  0.020000
1917  0.020000
1918  0.020000
1919  0.020000
1920  0.020000
1921  0.020000
1922  0.020000
1923  0.000000
1924  0.000000
1925  0.000000
1926  0.020000
1927  0.020000
1928  0.020000
1929  0.040000
1930  0.040000
1931  0.020000
1932  0.020000
1933  0.020000
1934  0.000000
1935  0.000000
1936  0.020000
1937  0.020000
1938  0.020000
1939  0.040000
1940  0.020000
1941  0.020000
1942  0.020000
1943  0.000000
1944  0.000000
1945  0.000000
1946  0.040000
1947  0.020000
1948  0.040000
1949  0.020000
1950  0.020000
1951  0.020000
1952  0.020000
1953  0.000000
1954  0.000000
1955  0.000000
1956  0.020000
1957  0.020000
1958  0.020000
1959  0.020000
1960  0.020000
1961  0.020000
1962  0.020000
1963  0.000000
1964  0.000000
1965  0.000000
1966  0.020000
1967  0.020000
1968  0.020000
1969  0.020000
1970  0.020000
1971  0.020000
1972  0.020000
1973  0.000000
1974  0.000000
1975  0.000000
1976  0.020000
1977  0.020000
1978  0.020000
1979  0.020000
1980  0.020000
1981  0.020000
1982  0.020000
1983  0.000000
1984  0.000000
1985  0.000000
1986  0.020000
1987  0.020000
1988  0.020000
1989  0.040000
1990  4.040000
1991  4.040000
1992  4.040000
1993  4.020000
1994  4.040000
1995  4.040000
1996  4.040000
1997  4.040000
1998  4.040000
1999  4.040000
2000  4.040000
2001  4.040000
2002  4.020000
2003  4.040000
2004  4.060000
2005  4.040000
2006  4.040000
2007  4.040000
2008  4.040000
2009  4.040000
2010  4.040000
2011  4.040000
2012  4.060000
2013  4.060000
2014  4.020000
2015  4.040000
2016  4.040000
2017  4.040000
2018  4.040000
2019  4.040000
2020  4.040000
2021  4.040000
2022  4.040000
2023  4.060000
2024  4.040000
2025  4.020000
2026  4.040000
2027  4.040000
2028  4.040000
2029  4.040000
2030  4.040000
2031  4.040000
2032  4.060000
2033  4.040000
2034  4.040000
2035  4.040000
2036  4.040000
2037  4.040000
2038  4.040000
2039  4.040000
2040  4.040000
2041  4.040000
2042  4.040000
2043  4.040000
2044  4.040000
2045  4.040000
2046  4.040000
2047  4.060000
2048  0.000000
