Nama File =kotak5H_100.dat
Time Sampling =0.0100
1  0.020000
2  2.080000
3  4.800000
4  4.040000
5  4.020000
6  0.020000
7  0.020000
8  0.020000
9  0.020000
10  0.000000
11  0.000000
12  0.000000
13  0.000000
14  0.000000
15  0.000000
16  4.040000
17  4.040000
18  4.040000
19  4.040000
20  4.060000
21  4.040000
22  4.040000
23  4.020000
24  4.060000
25  4.040000
26  0.000000
27  0.020000
28  0.040000
29  0.020000
30  0.040000
31  0.020000
32  0.000000
33  0.020000
34  0.000000
35  0.040000
36  4.040000
37  4.040000
38  4.040000
39  4.040000
40  4.040000
41  4.040000
42  4.040000
43  4.040000
44  4.040000
45  4.040000
46  0.020000
47  0.020000
48  0.020000
49  0.020000
50  0.020000
51  0.020000
52  0.020000
53  0.020000
54  0.020000
55  0.020000
56  4.040000
57  4.040000
58  4.040000
59  4.000000
60  4.040000
61  4.060000
62  4.040000
63  4.060000
64  4.020000
65  4.060000
66  0.000000
67  0.000000
68  0.020000
69  0.000000
70  0.000000
71  0.000000
72  0.000000
73  0.020000
74  0.020000
75  0.000000
76  4.040000
77  4.040000
78  4.040000
79  4.040000
80  4.040000
81  4.040000
82  4.040000
83  4.040000
84  4.060000
85  4.040000
86  4.040000
87  0.000000
88  0.020000
89  0.020000
90  0.020000
91  0.020000
92  0.020000
93  0.020000
94  0.020000
95  0.020000
96  0.000000
97  4.040000
98  4.040000
99  4.040000
100  4.040000
101  4.040000
102  4.040000
103  4.020000
104  4.040000
105  4.040000
106  4.040000
107  0.000000
108  0.000000
109  0.020000
110  0.000000
111  0.000000
112  0.000000
113  0.000000
114  0.000000
115  0.000000
116  0.000000
117  4.020000
118  4.040000
119  4.040000
120  4.040000
121  4.040000
122  4.040000
123  4.060000
124  4.020000
125  4.040000
126  4.000000
127  0.020000
128  0.020000
129  0.020000
130  0.020000
131  0.020000
132  0.020000
133  0.020000
134  0.000000
135  0.040000
136  0.020000
137  4.040000
138  4.040000
139  4.040000
140  4.040000
141  4.040000
142  4.040000
143  4.060000
144  4.040000
145  4.040000
146  4.040000
147  0.020000
148  0.020000
149  0.020000
150  0.020000
151  0.020000
152  0.020000
153  0.020000
154  0.020000
155  0.000000
156  0.020000
157  4.040000
158  4.040000
159  4.060000
160  4.040000
161  4.020000
162  4.020000
163  4.040000
164  4.060000
165  4.040000
166  4.040000
167  0.000000
168  0.000000
169  0.000000
170  0.000000
171  0.000000
172  0.020000
173  0.000000
174  0.020000
175  0.040000
176  0.020000
177  4.040000
178  4.040000
179  4.040000
180  4.040000
181  4.040000
182  4.040000
183  4.040000
184  4.040000
185  4.040000
186  4.040000
187  4.040000
188  0.040000
189  0.020000
190  0.040000
191  0.020000
192  0.020000
193  0.020000
194  0.020000
195  0.020000
196  0.020000
197  0.000000
198  4.040000
199  4.040000
200  4.040000
201  4.040000
202  4.040000
203  4.040000
204  4.040000
205  4.060000
206  4.040000
207  4.040000
208  0.020000
209  0.020000
210  0.020000
211  0.020000
212  0.000000
213  0.000000
214  0.000000
215  0.020000
216  0.000000
217  0.000000
218  4.060000
219  4.040000
220  4.040000
221  4.040000
222  4.040000
223  4.060000
224  4.040000
225  4.040000
226  4.040000
227  4.040000
228  0.020000
229  0.020000
230  0.020000
231  0.020000
232  0.000000
233  0.020000
234  0.020000
235  0.020000
236  0.020000
237  0.020000
238  4.040000
239  4.040000
240  4.020000
241  4.060000
242  4.040000
243  4.040000
244  4.040000
245  4.040000
246  4.040000
247  4.040000
248  0.020000
249  0.020000
250  0.020000
251  0.020000
252  0.020000
253  0.020000
254  0.020000
255  0.020000
256  0.020000
257  0.000000
258  4.040000
259  4.040000
260  4.040000
261  4.060000
262  4.040000
263  4.040000
264  4.040000
265  4.040000
266  4.040000
267  4.040000
268  0.000000
269  0.020000
270  0.020000
271  0.000000
272  0.040000
273  0.020000
274  0.020000
275  0.020000
276  0.020000
277  0.020000
278  4.040000
279  4.040000
280  4.060000
281  4.040000
282  4.040000
283  4.000000
284  4.040000
285  4.040000
286  4.040000
287  4.040000
288  4.040000
289  0.020000
290  0.040000
291  0.000000
292  0.020000
293  0.020000
294  0.020000
295  0.000000
296  0.000000
297  0.020000
298  0.020000
299  4.040000
300  4.060000
301  4.040000
302  4.040000
303  4.040000
304  4.040000
305  4.040000
306  4.040000
307  4.040000
308  4.040000
309  0.000000
310  0.000000
311  0.000000
312  0.000000
313  0.000000
314  0.000000
315  0.020000
316  0.000000
317  0.000000
318  0.020000
319  4.020000
320  4.020000
321  4.040000
322  4.040000
323  4.040000
324  4.040000
325  4.040000
326  4.040000
327  4.040000
328  4.040000
329  0.000000
330  0.020000
331  0.000000
332  0.000000
333  0.020000
334  0.020000
335  0.020000
336  0.020000
337  0.020000
338  0.020000
339  4.040000
340  4.040000
341  4.040000
342  4.020000
343  4.040000
344  4.060000
345  4.040000
346  4.040000
347  4.040000
348  4.040000
349  0.040000
350  0.020000
351  0.020000
352  0.000000
353  0.000000
354  0.020000
355  0.000000
356  0.000000
357  0.020000
358  0.000000
359  4.040000
360  4.040000
361  4.060000
362  4.040000
363  4.040000
364  4.060000
365  4.040000
366  4.040000
367  4.040000
368  4.060000
369  0.000000
370  0.020000
371  0.040000
372  0.020000
373  0.020000
374  0.040000
375  0.020000
376  0.020000
377  0.020000
378  0.020000
379  4.020000
380  4.060000
381  4.040000
382  4.060000
383  4.040000
384  4.040000
385  4.040000
386  4.040000
387  4.040000
388  4.040000
389  4.040000
390  0.020000
391  0.000000
392  0.020000
393  0.040000
394  0.020000
395  0.020000
396  0.020000
397  0.020000
398  0.040000
399  0.020000
400  4.040000
401  4.040000
402  4.040000
403  4.040000
404  4.040000
405  4.040000
406  4.020000
407  4.040000
408  4.040000
409  4.020000
410  0.000000
411  0.000000
412  0.000000
413  0.000000
414  0.000000
415  0.020000
416  0.000000
417  0.020000
418  0.020000
419  0.020000
420  4.040000
421  4.060000
422  4.040000
423  4.040000
424  4.040000
425  4.040000
426  4.040000
427  4.040000
428  4.040000
429  4.040000
430  0.020000
431  0.040000
432  0.020000
433  0.040000
434  0.020000
435  0.020000
436  0.020000
437  0.020000
438  0.020000
439  0.020000
440  4.020000
441  4.060000
442  4.020000
443  4.040000
444  4.020000
445  4.040000
446  4.040000
447  4.040000
448  4.060000
449  4.040000
450  0.000000
451  0.000000
452  0.020000
453  0.000000
454  0.020000
455  0.000000
456  0.020000
457  0.000000
458  0.000000
459  0.000000
460  4.040000
461  4.040000
462  4.060000
463  4.040000
464  4.040000
465  4.040000
466  4.040000
467  4.040000
468  4.040000
469  4.060000
470  0.020000
471  0.020000
472  0.020000
473  0.020000
474  0.040000
475  0.020000
476  0.040000
477  0.020000
478  0.020000
479  0.020000
480  4.040000
481  4.020000
482  4.040000
483  4.020000
484  4.040000
485  4.040000
486  4.040000
487  4.060000
488  4.040000
489  4.020000
490  4.040000
491  0.020000
492  0.020000
493  0.020000
494  0.020000
495  0.020000
496  0.020000
497  0.040000
498  0.020000
499  0.020000
500  0.000000
501  4.040000
502  4.040000
503  4.040000
504  4.040000
505  4.060000
506  4.060000
507  4.060000
508  4.060000
509  4.040000
510  4.060000
511  0.000000
512  0.000000
513  0.000000
514  0.000000
515  0.020000
516  0.020000
517  0.020000
518  0.020000
519  0.020000
520  0.020000
521  4.060000
522  4.020000
523  4.060000
524  4.040000
525  4.040000
526  4.020000
527  4.040000
528  4.040000
529  4.040000
530  4.040000
531  0.020000
532  0.000000
533  0.040000
534  0.020000
535  0.020000
536  0.040000
537  0.020000
538  0.020000
539  0.020000
540  0.000000
541  4.060000
542  4.040000
543  4.040000
544  4.040000
545  4.040000
546  4.060000
547  4.040000
548  4.040000
549  4.040000
550  4.040000
551  0.000000
552  0.000000
553  0.000000
554  0.000000
555  0.000000
556  0.000000
557  0.000000
558  0.020000
559  0.000000
560  0.020000
561  4.040000
562  4.040000
563  4.040000
564  4.060000
565  4.040000
566  4.040000
567  4.020000
568  4.040000
569  4.040000
570  4.040000
571  0.020000
572  0.040000
573  0.020000
574  0.040000
575  0.020000
576  0.020000
577  0.020000
578  0.020000
579  0.020000
580  0.040000
581  4.040000
582  4.040000
583  4.040000
584  4.040000
585  4.040000
586  4.020000
587  4.040000
588  4.040000
589  4.040000
590  4.040000
591  4.040000
592  0.020000
593  0.000000
594  0.020000
595  0.000000
596  0.000000
597  0.000000
598  0.000000
599  0.020000
600  0.000000
601  0.000000
602  4.040000
603  4.040000
604  4.040000
605  4.060000
606  4.040000
607  4.060000
608  4.060000
609  4.040000
610  4.040000
611  4.040000
612  0.020000
613  0.020000
614  0.020000
615  0.040000
616  0.020000
617  0.020000
618  0.000000
619  0.000000
620  0.020000
621  0.020000
622  4.040000
623  4.060000
624  4.040000
625  4.060000
626  4.040000
627  4.040000
628  4.040000
629  4.040000
630  4.040000
631  4.060000
632  0.000000
633  0.020000
634  0.020000
635  0.020000
636  0.020000
637  0.020000
638  0.040000
639  0.020000
640  0.020000
641  0.020000
642  4.040000
643  4.040000
644  4.040000
645  4.040000
646  4.060000
647  4.040000
648  4.040000
649  4.040000
650  4.040000
651  4.060000
652  0.000000
653  0.000000
654  0.000000
655  0.000000
656  0.020000
657  0.000000
658  0.020000
659  0.020000
660  0.000000
661  0.020000
662  4.060000
663  4.020000
664  4.060000
665  4.040000
666  4.040000
667  4.040000
668  4.040000
669  4.040000
670  4.060000
671  4.040000
672  0.040000
673  0.040000
674  0.040000
675  0.020000
676  0.020000
677  0.020000
678  0.020000
679  0.020000
680  0.020000
681  0.020000
682  4.040000
683  4.040000
684  4.040000
685  4.040000
686  4.040000
687  4.040000
688  4.040000
689  4.040000
690  4.060000
691  4.040000
692  4.060000
693  0.000000
694  0.020000
695  0.020000
696  0.000000
697  0.000000
698  0.000000
699  0.000000
700  0.000000
701  0.000000
702  0.020000
703  4.040000
704  4.040000
705  4.060000
706  4.040000
707  4.040000
708  4.040000
709  4.040000
710  4.040000
711  4.060000
712  4.040000
713  0.020000
714  0.000000
715  0.040000
716  0.020000
717  0.020000
718  0.020000
719  0.000000
720  0.020000
721  0.020000
722  0.000000
723  4.060000
724  4.020000
725  4.040000
726  4.040000
727  4.040000
728  4.040000
729  4.040000
730  4.040000
731  4.040000
732  4.040000
733  0.040000
734  0.020000
735  0.020000
736  0.020000
737  0.020000
738  0.020000
739  0.040000
740  0.020000
741  0.020000
742  0.000000
743  4.020000
744  4.040000
745  4.040000
746  4.040000
747  4.040000
748  4.020000
749  4.040000
750  4.040000
751  4.060000
752  4.040000
753  0.020000
754  0.020000
755  0.020000
756  0.020000
757  0.020000
758  0.020000
759  0.020000
760  0.020000
761  0.020000
762  0.020000
763  4.040000
764  4.060000
765  4.040000
766  4.060000
767  4.040000
768  4.040000
769  4.040000
770  4.040000
771  4.040000
772  4.040000
773  0.000000
774  0.040000
775  0.020000
776  0.020000
777  0.020000
778  0.020000
779  0.020000
780  0.020000
781  0.020000
782  0.020000
783  4.040000
784  4.040000
785  4.040000
786  4.040000
787  4.040000
788  4.040000
789  4.060000
790  4.060000
791  4.040000
792  4.040000
793  4.040000
794  0.000000
795  0.000000
796  0.000000
797  0.000000
798  0.020000
799  0.000000
800  0.000000
801  0.000000
802  0.000000
803  0.020000
804  4.040000
805  4.060000
806  4.060000
807  4.060000
808  4.040000
809  4.060000
810  4.040000
811  4.040000
812  4.040000
813  4.040000
814  0.020000
815  0.020000
816  0.000000
817  0.020000
818  0.000000
819  0.020000
820  0.020000
821  0.020000
822  0.020000
823  0.020000
824  4.020000
825  4.040000
826  4.040000
827  4.040000
828  4.060000
829  4.040000
830  4.040000
831  4.040000
832  4.040000
833  4.040000
834  0.040000
835  0.020000
836  0.020000
837  0.000000
838  0.000000
839  0.000000
840  0.000000
841  0.000000
842  0.000000
843  0.000000
844  4.040000
845  4.060000
846  4.060000
847  4.020000
848  4.040000
849  4.040000
850  4.040000
851  4.040000
852  4.040000
853  4.040000
854  0.020000
855  0.020000
856  0.040000
857  0.020000
858  0.040000
859  0.020000
860  0.020000
861  0.020000
862  0.020000
863  0.020000
864  4.040000
865  4.040000
866  4.040000
867  4.040000
868  4.040000
869  4.040000
870  4.040000
871  4.040000
872  4.040000
873  4.040000
874  0.020000
875  0.020000
876  0.020000
877  0.020000
878  0.020000
879  0.020000
880  0.020000
881  0.020000
882  0.040000
883  0.020000
884  4.040000
885  4.040000
886  4.040000
887  4.040000
888  4.040000
889  4.040000
890  4.040000
891  4.040000
892  4.060000
893  4.040000
894  4.060000
895  0.020000
896  0.000000
897  0.000000
898  0.000000
899  0.000000
900  0.000000
901  0.020000
902  0.020000
903  0.020000
904  0.000000
905  4.040000
906  4.040000
907  4.040000
908  4.040000
909  4.040000
910  4.040000
911  4.040000
912  4.040000
913  4.040000
914  4.040000
915  0.040000
916  0.020000
917  0.020000
918  0.020000
919  0.020000
920  0.000000
921  0.020000
922  0.020000
923  0.020000
924  0.020000
925  4.060000
926  4.040000
927  4.040000
928  4.040000
929  4.040000
930  4.040000
931  4.040000
932  4.040000
933  4.040000
934  4.040000
935  0.000000
936  0.000000
937  0.000000
938  0.020000
939  0.000000
940  0.020000
941  0.000000
942  0.000000
943  0.020000
944  0.000000
945  4.040000
946  4.040000
947  4.040000
948  4.040000
949  4.020000
950  4.020000
951  4.040000
952  4.040000
953  4.040000
954  4.040000
955  0.000000
956  0.040000
957  0.020000
958  0.040000
959  0.020000
960  0.020000
961  0.020000
962  0.020000
963  0.020000
964  0.040000
965  4.020000
966  4.040000
967  4.020000
968  4.040000
969  4.040000
970  4.040000
971  4.040000
972  4.020000
973  4.040000
974  4.060000
975  0.020000
976  0.020000
977  0.020000
978  0.020000
979  0.020000
980  0.020000
981  0.000000
982  0.020000
983  0.000000
984  0.000000
985  4.040000
986  4.060000
987  4.040000
988  4.040000
989  4.040000
990  4.040000
991  4.040000
992  4.040000
993  4.040000
994  4.060000
995  4.040000
996  0.000000
997  0.020000
998  0.000000
999  0.020000
1000  0.020000
1001  0.020000
1002  0.020000
1003  0.000000
1004  0.020000
1005  0.020000
1006  4.040000
1007  4.040000
1008  4.040000
1009  4.040000
1010  4.040000
1011  4.020000
1012  4.040000
1013  4.040000
1014  4.040000
1015  4.060000
1016  0.020000
1017  0.040000
1018  0.020000
1019  0.020000
1020  0.020000
1021  0.020000
1022  0.020000
1023  0.020000
1024  0.000000
1025  0.020000
1026  4.040000
1027  4.020000
1028  4.040000
1029  4.040000
1030  4.040000
1031  4.040000
1032  4.040000
1033  4.060000
1034  4.040000
1035  4.040000
1036  0.000000
1037  0.000000
1038  0.000000
1039  0.000000
1040  0.020000
1041  0.000000
1042  0.000000
1043  0.020000
1044  0.000000
1045  0.000000
1046  4.020000
1047  4.040000
1048  4.060000
1049  4.040000
1050  4.040000
1051  4.040000
1052  4.040000
1053  4.040000
1054  4.040000
1055  4.040000
1056  0.020000
1057  0.020000
1058  0.020000
1059  0.020000
1060  0.020000
1061  0.020000
1062  0.020000
1063  0.020000
1064  0.020000
1065  0.020000
1066  4.040000
1067  4.040000
1068  4.040000
1069  4.040000
1070  4.040000
1071  4.020000
1072  4.040000
1073  4.040000
1074  4.040000
1075  4.040000
1076  0.020000
1077  0.040000
1078  0.020000
1079  0.020000
1080  0.020000
1081  0.020000
1082  0.020000
1083  0.000000
1084  0.020000
1085  0.000000
1086  4.060000
1087  4.020000
1088  4.040000
1089  4.060000
1090  4.060000
1091  4.040000
1092  4.040000
1093  4.020000
1094  4.060000
1095  4.040000
1096  4.060000
1097  0.000000
1098  0.000000
1099  0.040000
1100  0.020000
1101  0.020000
1102  0.020000
1103  0.020000
1104  0.020000
1105  0.020000
1106  0.020000
1107  4.040000
1108  4.040000
1109  4.040000
1110  4.040000
1111  4.040000
1112  4.040000
1113  4.020000
1114  4.040000
1115  4.040000
1116  4.040000
1117  0.020000
1118  0.020000
1119  0.020000
1120  0.020000
1121  0.020000
1122  0.020000
1123  0.040000
1124  0.020000
1125  0.020000
1126  0.020000
1127  4.040000
1128  4.040000
1129  4.040000
1130  4.040000
1131  4.040000
1132  4.040000
1133  4.060000
1134  4.040000
1135  4.040000
1136  4.060000
1137  0.000000
1138  0.000000
1139  0.000000
1140  0.000000
1141  0.000000
1142  0.000000
1143  0.000000
1144  0.000000
1145  0.000000
1146  0.000000
1147  4.040000
1148  4.060000
1149  4.040000
1150  4.040000
1151  4.040000
1152  4.020000
1153  4.040000
1154  4.040000
1155  4.040000
1156  4.040000
1157  0.020000
1158  0.020000
1159  0.020000
1160  0.020000
1161  0.020000
1162  0.020000
1163  0.000000
1164  0.020000
1165  0.000000
1166  0.020000
1167  4.040000
1168  4.060000
1169  4.040000
1170  4.040000
1171  4.040000
1172  4.040000
1173  4.040000
1174  4.040000
1175  4.040000
1176  4.040000
1177  0.020000
1178  0.020000
1179  0.020000
1180  0.020000
1181  0.020000
1182  0.020000
1183  0.000000
1184  0.000000
1185  0.000000
1186  0.000000
1187  4.060000
1188  4.040000
1189  4.060000
1190  4.040000
1191  4.060000
1192  4.060000
1193  4.060000
1194  4.060000
1195  4.060000
1196  4.040000
1197  4.060000
1198  0.000000
1199  0.020000
1200  0.020000
1201  0.040000
1202  0.020000
1203  0.040000
1204  0.020000
1205  0.020000
1206  0.000000
1207  0.040000
1208  4.040000
1209  4.040000
1210  4.040000
1211  4.040000
1212  4.040000
1213  4.040000
1214  4.040000
1215  4.060000
1216  4.040000
1217  4.040000
1218  0.020000
1219  0.020000
1220  0.020000
1221  0.020000
1222  0.020000
1223  0.020000
1224  0.020000
1225  0.020000
1226  0.020000
1227  0.020000
1228  4.040000
1229  4.040000
1230  4.040000
1231  4.040000
1232  4.060000
1233  4.040000
1234  4.020000
1235  4.040000
1236  4.040000
1237  4.060000
1238  0.020000
1239  0.020000
1240  0.000000
1241  0.000000
1242  0.000000
1243  0.000000
1244  0.000000
1245  0.000000
1246  0.000000
1247  0.000000
1248  4.040000
1249  4.040000
1250  4.060000
1251  4.040000
1252  4.040000
1253  4.040000
1254  4.040000
1255  4.020000
1256  4.040000
1257  4.040000
1258  0.020000
1259  0.020000
1260  0.020000
1261  0.020000
1262  0.020000
1263  0.020000
1264  0.000000
1265  0.020000
1266  0.020000
1267  0.020000
1268  4.040000
1269  4.040000
1270  4.040000
1271  4.040000
1272  4.040000
1273  4.040000
1274  4.040000
1275  4.020000
1276  4.060000
1277  4.040000
1278  0.020000
1279  0.020000
1280  0.020000
1281  0.020000
1282  0.000000
1283  0.000000
1284  0.020000
1285  0.000000
1286  0.000000
1287  0.000000
1288  4.040000
1289  4.040000
1290  4.020000
1291  4.040000
1292  4.040000
1293  4.040000
1294  4.020000
1295  4.040000
1296  4.040000
1297  4.060000
1298  4.040000
1299  0.020000
1300  0.020000
1301  0.020000
1302  0.020000
1303  0.020000
1304  0.020000
1305  0.040000
1306  0.020000
1307  0.040000
1308  0.020000
1309  4.060000
1310  4.040000
1311  4.040000
1312  4.040000
1313  4.040000
1314  4.020000
1315  4.040000
1316  4.020000
1317  4.040000
1318  4.060000
1319  0.040000
1320  0.020000
1321  0.020000
1322  0.000000
1323  0.020000
1324  0.020000
1325  0.020000
1326  0.020000
1327  0.020000
1328  0.020000
1329  4.040000
1330  4.040000
1331  4.040000
1332  4.040000
1333  4.040000
1334  4.040000
1335  4.060000
1336  4.040000
1337  4.040000
1338  4.040000
1339  0.000000
1340  0.000000
1341  0.000000
1342  0.000000
1343  0.020000
1344  0.000000
1345  0.000000
1346  0.020000
1347  0.000000
1348  0.020000
1349  4.040000
1350  4.040000
1351  4.060000
1352  4.040000
1353  4.040000
1354  4.040000
1355  4.040000
1356  4.060000
1357  4.020000
1358  4.060000
1359  0.020000
1360  0.020000
1361  0.020000
1362  0.020000
1363  0.020000
1364  0.020000
1365  0.020000
1366  0.040000
1367  0.020000
1368  0.020000
1369  4.020000
1370  4.040000
1371  4.040000
1372  4.040000
1373  4.040000
1374  4.060000
1375  4.040000
1376  4.040000
1377  4.040000
1378  4.040000
1379  0.020000
1380  0.020000
1381  0.020000
1382  0.020000
1383  0.000000
1384  0.000000
1385  0.000000
1386  0.000000
1387  0.020000
1388  0.000000
1389  4.060000
1390  4.020000
1391  4.040000
1392  4.060000
1393  4.040000
1394  4.040000
1395  4.040000
1396  4.040000
1397  4.060000
1398  4.040000
1399  4.040000
1400  0.020000
1401  0.000000
1402  0.020000
1403  0.020000
1404  0.020000
1405  0.020000
1406  0.020000
1407  0.020000
1408  0.000000
1409  0.020000
1410  4.040000
1411  4.020000
1412  4.040000
1413  4.040000
1414  4.040000
1415  4.060000
1416  4.040000
1417  4.060000
1418  4.040000
1419  4.040000
1420  0.020000
1421  0.020000
1422  0.020000
1423  0.020000
1424  0.020000
1425  0.040000
1426  0.020000
1427  0.020000
1428  0.020000
1429  0.020000
1430  4.020000
1431  4.040000
1432  4.040000
1433  4.040000
1434  4.040000
1435  4.040000
1436  4.040000
1437  4.020000
1438  4.060000
1439  4.060000
1440  0.000000
1441  0.000000
1442  0.000000
1443  0.000000
1444  0.000000
1445  0.000000
1446  0.000000
1447  0.000000
1448  0.020000
1449  0.020000
1450  4.060000
1451  4.040000
1452  4.040000
1453  4.040000
1454  4.040000
1455  4.040000
1456  4.040000
1457  4.020000
1458  4.060000
1459  4.020000
1460  0.040000
1461  0.020000
1462  0.020000
1463  0.020000
1464  0.020000
1465  0.020000
1466  0.040000
1467  0.020000
1468  0.020000
1469  0.020000
1470  4.040000
1471  4.040000
1472  4.040000
1473  4.040000
1474  4.040000
1475  4.040000
1476  4.040000
1477  4.020000
1478  4.020000
1479  4.040000
1480  0.020000
1481  0.020000
1482  0.020000
1483  0.040000
1484  0.020000
1485  0.020000
1486  0.020000
1487  0.000000
1488  0.020000
1489  0.000000
1490  4.040000
1491  4.040000
1492  4.040000
1493  4.060000
1494  4.040000
1495  4.060000
1496  4.040000
1497  4.060000
1498  4.060000
1499  4.040000
1500  4.040000
1501  0.020000
1502  0.020000
1503  0.020000
1504  0.020000
1505  0.020000
1506  0.000000
1507  0.020000
1508  0.000000
1509  0.040000
1510  0.020000
1511  4.020000
1512  4.040000
1513  4.040000
1514  4.060000
1515  4.040000
1516  4.040000
1517  4.060000
1518  4.040000
1519  4.040000
1520  4.040000
1521  0.020000
1522  0.020000
1523  0.020000
1524  0.020000
1525  0.020000
1526  0.020000
1527  0.040000
1528  0.020000
1529  0.020000
1530  0.020000
1531  4.040000
1532  4.040000
1533  4.040000
1534  4.040000
1535  4.040000
1536  4.020000
1537  4.060000
1538  4.040000
1539  4.040000
1540  4.060000
1541  0.000000
1542  0.020000
1543  0.000000
1544  0.000000
1545  0.000000
1546  0.020000
1547  0.000000
1548  0.000000
1549  0.000000
1550  0.000000
1551  4.040000
1552  4.040000
1553  4.040000
1554  4.040000
1555  4.040000
1556  4.040000
1557  4.040000
1558  4.040000
1559  4.020000
1560  4.020000
1561  0.020000
1562  0.020000
1563  0.020000
1564  0.040000
1565  0.020000
1566  0.040000
1567  0.000000
1568  0.040000
1569  0.000000
1570  0.020000
1571  4.040000
1572  4.040000
1573  4.040000
1574  4.020000
1575  4.040000
1576  4.040000
1577  4.040000
1578  4.060000
1579  4.020000
1580  4.040000
1581  0.020000
1582  0.020000
1583  0.020000
1584  0.020000
1585  0.020000
1586  0.040000
1587  0.020000
1588  0.000000
1589  0.020000
1590  0.000000
1591  4.060000
1592  4.040000
1593  4.040000
1594  4.040000
1595  4.040000
1596  4.040000
1597  4.040000
1598  4.040000
1599  4.060000
1600  4.040000
1601  4.040000
1602  0.000000
1603  0.020000
1604  0.000000
1605  0.000000
1606  0.020000
1607  0.020000
1608  0.020000
1609  0.000000
1610  0.000000
1611  0.040000
1612  4.040000
1613  4.040000
1614  4.040000
1615  4.040000
1616  4.040000
1617  4.040000
1618  4.040000
1619  4.040000
1620  4.040000
1621  4.040000
1622  0.020000
1623  0.020000
1624  0.020000
1625  0.020000
1626  0.020000
1627  0.020000
1628  0.020000
1629  0.020000
1630  0.020000
1631  0.020000
1632  4.040000
1633  4.060000
1634  4.040000
1635  4.040000
1636  4.020000
1637  4.040000
1638  4.040000
1639  4.040000
1640  4.040000
1641  4.020000
1642  0.000000
1643  0.000000
1644  0.000000
1645  0.000000
1646  0.000000
1647  0.000000
1648  0.000000
1649  0.000000
1650  0.020000
1651  0.000000
1652  4.040000
1653  4.040000
1654  4.040000
1655  4.040000
1656  4.040000
1657  4.040000
1658  4.060000
1659  4.040000
1660  4.040000
1661  4.040000
1662  0.020000
1663  0.020000
1664  0.020000
1665  0.020000
1666  0.020000
1667  0.020000
1668  0.020000
1669  0.020000
1670  0.040000
1671  0.020000
1672  4.040000
1673  4.040000
1674  4.040000
1675  4.040000
1676  4.040000
1677  4.040000
1678  4.060000
1679  4.040000
1680  4.060000
1681  4.040000
1682  0.020000
1683  0.020000
1684  0.020000
1685  0.020000
1686  0.020000
1687  0.020000
1688  0.020000
1689  0.020000
1690  0.020000
1691  0.040000
1692  4.040000
1693  4.040000
1694  4.060000
1695  4.040000
1696  4.060000
1697  4.060000
1698  4.040000
1699  4.040000
1700  4.040000
1701  4.040000
1702  4.040000
1703  0.000000
1704  0.000000
1705  0.000000
1706  0.000000
1707  0.000000
1708  0.000000
1709  0.020000
1710  0.020000
1711  0.020000
1712  0.020000
1713  4.060000
1714  4.040000
1715  4.040000
1716  4.040000
1717  4.040000
1718  4.020000
1719  4.040000
1720  4.040000
1721  4.040000
1722  4.060000
1723  0.000000
1724  0.020000
1725  0.020000
1726  0.020000
1727  0.020000
1728  0.020000
1729  0.020000
1730  0.020000
1731  0.020000
1732  0.020000
1733  4.040000
1734  4.040000
1735  4.060000
1736  4.040000
1737  4.040000
1738  4.040000
1739  4.040000
1740  4.040000
1741  4.040000
1742  4.040000
1743  0.020000
1744  0.000000
1745  0.000000
1746  0.000000
1747  0.000000
1748  0.000000
1749  0.000000
1750  0.020000
1751  0.000000
1752  0.000000
1753  4.040000
1754  4.040000
1755  4.060000
1756  4.040000
1757  4.040000
1758  4.040000
1759  4.040000
1760  4.040000
1761  4.060000
1762  4.040000
1763  0.020000
1764  0.000000
1765  0.020000
1766  0.040000
1767  0.020000
1768  0.020000
1769  0.020000
1770  0.020000
1771  0.020000
1772  0.020000
1773  4.040000
1774  4.040000
1775  4.040000
1776  4.060000
1777  4.040000
1778  4.060000
1779  4.020000
1780  4.040000
1781  4.040000
1782  4.040000
1783  0.020000
1784  0.020000
1785  0.020000
1786  0.040000
1787  0.020000
1788  0.020000
1789  0.000000
1790  0.020000
1791  0.040000
1792  0.020000
1793  4.040000
1794  4.040000
1795  4.040000
1796  4.040000
1797  4.040000
1798  4.040000
1799  4.040000
1800  4.040000
1801  4.040000
1802  4.040000
1803  4.040000
1804  0.020000
1805  0.000000
1806  0.000000
1807  0.000000
1808  0.000000
1809  0.020000
1810  0.000000
1811  0.020000
1812  0.000000
1813  0.020000
1814  4.040000
1815  4.040000
1816  4.040000
1817  4.040000
1818  4.020000
1819  4.040000
1820  4.040000
1821  4.040000
1822  4.060000
1823  4.040000
1824  0.020000
1825  0.020000
1826  0.020000
1827  0.000000
1828  0.020000
1829  0.020000
1830  0.020000
1831  0.020000
1832  0.040000
1833  0.020000
1834  4.040000
1835  4.040000
1836  4.020000
1837  4.040000
1838  4.040000
1839  4.040000
1840  4.040000
1841  4.040000
1842  4.040000
1843  4.040000
1844  0.020000
1845  0.020000
1846  0.000000
1847  0.020000
1848  0.020000
1849  0.000000
1850  0.020000
1851  0.020000
1852  0.020000
1853  0.000000
1854  4.040000
1855  4.040000
1856  4.040000
1857  4.060000
1858  4.040000
1859  4.040000
1860  4.020000
1861  4.040000
1862  4.040000
1863  4.040000
1864  0.000000
1865  0.000000
1866  0.020000
1867  0.000000
1868  0.020000
1869  0.020000
1870  0.040000
1871  0.020000
1872  0.020000
1873  0.020000
1874  4.040000
1875  4.040000
1876  4.040000
1877  4.040000
1878  4.060000
1879  4.040000
1880  4.060000
1881  4.040000
1882  4.040000
1883  4.020000
1884  0.020000
1885  0.020000
1886  0.040000
1887  0.020000
1888  0.040000
1889  0.020000
1890  0.020000
1891  0.020000
1892  0.020000
1893  0.020000
1894  4.040000
1895  4.040000
1896  4.040000
1897  4.040000
1898  4.040000
1899  4.040000
1900  4.040000
1901  4.040000
1902  4.040000
1903  4.040000
1904  4.040000
1905  0.000000
1906  0.000000
1907  0.000000
1908  0.000000
1909  0.000000
1910  0.000000
1911  0.000000
1912  0.000000
1913  0.000000
1914  0.000000
1915  4.040000
1916  4.040000
1917  4.040000
1918  4.040000
1919  4.060000
1920  4.020000
1921  4.040000
1922  4.040000
1923  4.040000
1924  4.020000
1925  0.020000
1926  0.020000
1927  0.020000
1928  0.020000
1929  0.020000
1930  0.000000
1931  0.020000
1932  0.020000
1933  0.020000
1934  0.020000
1935  4.060000
1936  4.040000
1937  4.040000
1938  4.040000
1939  4.040000
1940  4.040000
1941  4.040000
1942  4.040000
1943  4.040000
1944  4.040000
1945  0.040000
1946  0.020000
1947  0.040000
1948  0.020000
1949  0.020000
1950  0.020000
1951  0.020000
1952  0.020000
1953  0.000000
1954  0.020000
1955  4.040000
1956  4.020000
1957  4.040000
1958  4.040000
1959  4.060000
1960  4.040000
1961  4.060000
1962  4.040000
1963  4.040000
1964  4.040000
1965  0.000000
1966  0.000000
1967  0.000000
1968  0.020000
1969  0.000000
1970  0.000000
1971  0.000000
1972  0.020000
1973  0.020000
1974  0.000000
1975  4.040000
1976  4.040000
1977  4.040000
1978  4.040000
1979  4.020000
1980  4.040000
1981  4.040000
1982  4.040000
1983  4.060000
1984  4.040000
1985  0.040000
1986  0.020000
1987  0.020000
1988  0.020000
1989  0.000000
1990  0.020000
1991  0.020000
1992  0.020000
1993  0.020000
1994  0.020000
1995  4.040000
1996  4.060000
1997  4.040000
1998  4.040000
1999  4.040000
2000  4.040000
2001  4.060000
2002  4.040000
2003  4.040000
2004  4.040000
2005  4.040000
2006  0.020000
2007  0.020000
2008  0.020000
2009  0.020000
2010  0.000000
2011  0.000000
2012  0.000000
2013  0.000000
2014  0.000000
2015  0.000000
2016  4.040000
2017  4.040000
2018  4.060000
2019  4.060000
2020  4.040000
2021  4.040000
2022  4.040000
2023  4.040000
2024  4.040000
2025  4.040000
2026  0.000000
2027  0.020000
2028  0.020000
2029  0.020000
2030  0.020000
2031  0.020000
2032  0.020000
2033  0.020000
2034  0.020000
2035  0.020000
2036  4.040000
2037  4.040000
2038  4.020000
2039  4.060000
2040  4.040000
2041  4.040000
2042  4.040000
2043  4.040000
2044  4.040000
2045  4.040000
2046  0.020000
2047  0.020000
2048  0.000000
