Nama File =kotak5H_2k.dat
Time Samplig =0.0005
1  2.320000
2  2.080000
3  4.800000
4  4.020000
5  4.020000
6  4.040000
7  4.040000
8  4.040000
9  4.040000
10  4.020000
11  4.040000
12  4.020000
13  4.040000
14  4.040000
15  4.020000
16  4.040000
17  4.040000
18  4.020000
19  4.040000
20  4.040000
21  4.040000
22  4.040000
23  4.040000
24  4.040000
25  4.040000
26  4.040000
27  4.040000
28  4.020000
29  4.040000
30  4.040000
31  4.040000
32  4.040000
33  4.040000
34  4.060000
35  4.040000
36  4.040000
37  4.040000
38  4.040000
39  4.040000
40  4.040000
41  4.040000
42  4.040000
43  4.020000
44  4.040000
45  4.040000
46  4.040000
47  4.040000
48  4.040000
49  4.040000
50  4.040000
51  4.060000
52  4.060000
53  4.040000
54  4.040000
55  4.040000
56  4.040000
57  4.040000
58  4.040000
59  4.040000
60  4.040000
61  4.040000
62  4.060000
63  4.040000
64  4.040000
65  4.020000
66  4.040000
67  4.060000
68  4.040000
69  4.040000
70  4.040000
71  4.040000
72  4.060000
73  4.040000
74  4.040000
75  4.040000
76  4.020000
77  4.040000
78  4.040000
79  4.040000
80  4.040000
81  4.040000
82  4.040000
83  4.040000
84  4.040000
85  4.040000
86  4.040000
87  4.040000
88  4.040000
89  4.040000
90  4.040000
91  4.040000
92  4.040000
93  4.040000
94  4.040000
95  4.040000
96  4.040000
97  4.040000
98  4.040000
99  4.040000
100  4.040000
101  4.040000
102  4.040000
103  4.040000
104  4.040000
105  4.020000
106  4.040000
107  4.020000
108  4.040000
109  4.040000
110  4.040000
111  4.040000
112  4.040000
113  4.040000
114  4.040000
115  4.040000
116  4.040000
117  4.040000
118  4.040000
119  4.040000
120  4.040000
121  4.040000
122  4.020000
123  4.040000
124  4.040000
125  4.020000
126  4.040000
127  4.040000
128  4.040000
129  4.060000
130  4.040000
131  4.060000
132  4.040000
133  4.040000
134  4.020000
135  4.040000
136  4.040000
137  4.040000
138  4.040000
139  0.020000
140  0.000000
141  0.020000
142  0.040000
143  0.020000
144  0.020000
145  0.020000
146  0.020000
147  0.020000
148  0.000000
149  0.020000
150  0.000000
151  0.020000
152  0.020000
153  0.000000
154  0.020000
155  0.020000
156  0.020000
157  0.020000
158  0.020000
159  0.040000
160  0.020000
161  0.020000
162  0.020000
163  0.020000
164  0.020000
165  0.020000
166  0.020000
167  0.020000
168  0.000000
169  0.000000
170  0.000000
171  0.000000
172  0.000000
173  0.000000
174  0.020000
175  0.040000
176  0.020000
177  0.020000
178  0.020000
179  0.020000
180  0.020000
181  0.020000
182  0.020000
183  0.020000
184  0.020000
185  0.020000
186  0.020000
187  0.000000
188  0.000000
189  0.020000
190  0.020000
191  0.000000
192  0.020000
193  0.020000
194  0.020000
195  0.000000
196  0.020000
197  0.020000
198  0.020000
199  0.020000
200  0.020000
201  0.000000
202  0.040000
203  0.020000
204  0.000000
205  0.020000
206  0.000000
207  0.000000
208  0.000000
209  0.000000
210  0.000000
211  0.000000
212  0.000000
213  0.020000
214  0.020000
215  0.020000
216  0.020000
217  0.020000
218  0.020000
219  0.020000
220  0.020000
221  0.020000
222  0.020000
223  0.020000
224  0.020000
225  0.040000
226  0.020000
227  0.000000
228  0.000000
229  0.000000
230  0.000000
231  0.000000
232  0.020000
233  0.020000
234  0.020000
235  0.020000
236  0.020000
237  0.020000
238  0.020000
239  0.020000
240  0.020000
241  0.020000
242  0.020000
243  0.020000
244  0.020000
245  0.000000
246  0.000000
247  0.000000
248  0.000000
249  0.000000
250  0.000000
251  0.020000
252  0.020000
253  0.020000
254  0.040000
255  0.020000
256  0.040000
257  0.020000
258  0.020000
259  0.020000
260  0.020000
261  0.020000
262  0.020000
263  0.020000
264  0.020000
265  0.000000
266  0.020000
267  0.000000
268  0.000000
269  0.020000
270  0.000000
271  0.000000
272  0.020000
273  0.020000
274  0.020000
275  0.020000
276  0.020000
277  0.020000
278  0.000000
279  0.020000
280  0.000000
281  0.020000
282  0.020000
283  0.020000
284  0.020000
285  0.020000
286  0.000000
287  0.000000
288  0.000000
289  0.020000
290  0.000000
291  0.020000
292  0.020000
293  0.020000
294  0.020000
295  0.020000
296  0.020000
297  0.000000
298  0.020000
299  0.040000
300  0.040000
301  0.040000
302  0.020000
303  0.020000
304  0.000000
305  0.000000
306  0.000000
307  0.000000
308  0.020000
309  0.000000
310  0.020000
311  0.000000
312  0.020000
313  0.020000
314  0.020000
315  0.020000
316  0.020000
317  0.020000
318  0.020000
319  0.020000
320  0.040000
321  0.000000
322  0.020000
323  0.000000
324  0.000000
325  0.020000
326  0.000000
327  0.000000
328  0.000000
329  0.000000
330  0.020000
331  4.040000
332  4.040000
333  4.040000
334  4.060000
335  4.040000
336  4.040000
337  4.040000
338  4.040000
339  4.040000
340  4.060000
341  4.040000
342  4.040000
343  4.040000
344  4.040000
345  4.060000
346  4.040000
347  4.040000
348  4.040000
349  4.040000
350  4.040000
351  4.040000
352  4.040000
353  4.040000
354  4.020000
355  4.020000
356  4.040000
357  4.040000
358  4.040000
359  4.040000
360  4.020000
361  4.040000
362  4.040000
363  4.040000
364  4.040000
365  4.040000
366  4.060000
367  4.040000
368  4.040000
369  4.020000
370  4.040000
371  4.040000
372  4.040000
373  4.040000
374  4.040000
375  4.040000
376  4.060000
377  4.040000
378  4.040000
379  4.040000
380  4.040000
381  4.040000
382  4.040000
383  4.040000
384  4.060000
385  4.040000
386  4.060000
387  4.020000
388  4.040000
389  4.040000
390  4.040000
391  4.040000
392  4.020000
393  4.040000
394  4.040000
395  4.020000
396  4.040000
397  4.040000
398  4.040000
399  4.040000
400  4.040000
401  4.040000
402  4.060000
403  4.040000
404  4.040000
405  4.040000
406  4.040000
407  4.040000
408  4.040000
409  4.060000
410  4.040000
411  4.040000
412  4.020000
413  4.040000
414  4.040000
415  4.040000
416  4.040000
417  4.040000
418  4.040000
419  4.040000
420  4.040000
421  4.040000
422  4.060000
423  4.020000
424  4.040000
425  4.040000
426  4.020000
427  4.040000
428  4.040000
429  4.040000
430  4.020000
431  4.040000
432  4.040000
433  4.040000
434  4.020000
435  4.040000
436  4.040000
437  4.040000
438  4.040000
439  4.020000
440  4.040000
441  4.040000
442  4.040000
443  4.040000
444  4.020000
445  4.040000
446  4.040000
447  4.040000
448  4.040000
449  4.040000
450  4.040000
451  4.040000
452  4.040000
453  4.040000
454  4.040000
455  4.040000
456  4.040000
457  4.040000
458  4.040000
459  4.040000
460  4.060000
461  4.040000
462  4.040000
463  4.040000
464  4.040000
465  4.040000
466  4.040000
467  4.040000
468  4.040000
469  4.040000
470  4.040000
471  4.040000
472  4.020000
473  4.040000
474  4.040000
475  4.040000
476  4.040000
477  4.040000
478  4.040000
479  4.020000
480  4.040000
481  4.040000
482  4.060000
483  4.060000
484  4.040000
485  4.040000
486  4.040000
487  4.040000
488  4.040000
489  4.040000
490  4.040000
491  4.040000
492  4.040000
493  4.040000
494  4.040000
495  4.040000
496  4.040000
497  4.040000
498  4.040000
499  4.040000
500  4.040000
501  4.060000
502  4.040000
503  4.040000
504  4.040000
505  4.020000
506  4.040000
507  4.040000
508  4.040000
509  4.040000
510  4.040000
511  4.040000
512  4.020000
513  4.040000
514  4.020000
515  4.040000
516  4.040000
517  4.060000
518  4.040000
519  4.040000
520  4.040000
521  4.040000
522  4.060000
523  4.040000
524  4.040000
525  4.040000
526  0.020000
527  0.040000
528  0.020000
529  0.020000
530  0.020000
531  0.020000
532  0.020000
533  0.020000
534  0.020000
535  0.020000
536  0.020000
537  0.020000
538  0.020000
539  0.000000
540  0.000000
541  0.020000
542  0.020000
543  0.000000
544  0.020000
545  0.020000
546  0.020000
547  0.020000
548  0.020000
549  0.020000
550  0.020000
551  0.020000
552  0.020000
553  0.020000
554  0.020000
555  0.000000
556  0.020000
557  0.020000
558  0.000000
559  0.000000
560  0.000000
561  0.000000
562  0.000000
563  0.000000
564  0.020000
565  0.020000
566  0.020000
567  0.020000
568  0.020000
569  0.040000
570  0.020000
571  0.020000
572  0.040000
573  0.020000
574  0.040000
575  0.040000
576  0.020000
577  0.020000
578  0.000000
579  0.000000
580  0.020000
581  0.020000
582  0.020000
583  0.020000
584  0.020000
585  0.020000
586  0.020000
587  0.000000
588  0.020000
589  0.000000
590  0.020000
591  0.000000
592  0.020000
593  0.020000
594  0.000000
595  0.020000
596  0.000000
597  0.000000
598  0.000000
599  0.000000
600  0.020000
601  0.000000
602  0.000000
603  0.020000
604  0.020000
605  0.040000
606  0.020000
607  0.020000
608  0.020000
609  0.020000
610  0.020000
611  0.000000
612  0.020000
613  0.020000
614  0.020000
615  0.000000
616  0.020000
617  0.000000
618  0.000000
619  0.000000
620  0.020000
621  0.000000
622  0.020000
623  0.020000
624  0.020000
625  0.020000
626  0.020000
627  0.020000
628  0.020000
629  0.020000
630  0.020000
631  0.040000
632  0.020000
633  0.020000
634  0.020000
635  0.000000
636  0.000000
637  0.000000
638  0.020000
639  0.000000
640  0.020000
641  0.020000
642  0.020000
643  0.020000
644  0.020000
645  0.020000
646  0.020000
647  0.020000
648  0.020000
649  0.020000
650  0.020000
651  0.020000
652  0.020000
653  0.020000
654  0.020000
655  0.000000
656  0.000000
657  0.000000
658  0.000000
659  0.000000
660  0.020000
661  0.020000
662  0.020000
663  0.020000
664  0.020000
665  0.020000
666  0.020000
667  0.020000
668  0.020000
669  0.020000
670  0.020000
671  0.020000
672  0.020000
673  0.020000
674  0.020000
675  0.000000
676  0.000000
677  0.000000
678  0.000000
679  0.020000
680  0.000000
681  0.020000
682  0.020000
683  0.020000
684  0.020000
685  0.020000
686  0.020000
687  0.040000
688  0.020000
689  0.040000
690  0.020000
691  0.040000
692  0.040000
693  0.020000
694  0.020000
695  0.020000
696  0.000000
697  0.020000
698  0.000000
699  0.020000
700  0.020000
701  0.020000
702  0.020000
703  0.020000
704  0.020000
705  0.020000
706  0.020000
707  0.020000
708  0.020000
709  0.020000
710  0.020000
711  0.020000
712  0.020000
713  0.000000
714  0.000000
715  0.000000
716  0.000000
717  0.000000
718  4.040000
719  4.040000
720  4.040000
721  4.040000
722  4.040000
723  4.040000
724  4.040000
725  4.040000
726  4.040000
727  4.040000
728  4.040000
729  4.040000
730  4.060000
731  4.040000
732  4.040000
733  4.040000
734  4.040000
735  4.040000
736  4.040000
737  4.040000
738  4.040000
739  4.040000
740  4.040000
741  4.040000
742  4.040000
743  4.020000
744  4.040000
745  4.020000
746  4.040000
747  4.040000
748  4.040000
749  4.040000
750  4.040000
751  4.040000
752  4.040000
753  4.040000
754  4.040000
755  4.060000
756  4.060000
757  4.040000
758  4.040000
759  4.020000
760  4.040000
761  4.040000
762  4.040000
763  4.040000
764  4.060000
765  4.040000
766  4.040000
767  4.040000
768  4.040000
769  4.040000
770  4.020000
771  4.040000
772  4.040000
773  4.060000
774  4.060000
775  4.040000
776  4.020000
777  4.020000
778  4.040000
779  4.040000
780  4.040000
781  4.040000
782  4.040000
783  4.040000
784  4.040000
785  4.040000
786  4.040000
787  4.040000
788  4.040000
789  4.040000
790  4.040000
791  4.060000
792  4.060000
793  4.040000
794  4.040000
795  4.060000
796  4.040000
797  4.040000
798  4.040000
799  4.040000
800  4.040000
801  4.040000
802  4.040000
803  4.040000
804  4.040000
805  4.040000
806  4.040000
807  4.060000
808  4.040000
809  4.040000
810  4.040000
811  4.040000
812  4.040000
813  4.040000
814  4.040000
815  4.040000
816  4.040000
817  4.040000
818  4.040000
819  4.040000
820  4.040000
821  4.040000
822  4.040000
823  4.060000
824  4.040000
825  4.040000
826  4.040000
827  4.040000
828  4.040000
829  4.040000
830  4.040000
831  4.040000
832  4.060000
833  4.040000
834  4.060000
835  4.040000
836  4.020000
837  4.040000
838  4.040000
839  4.040000
840  4.040000
841  4.040000
842  4.040000
843  4.040000
844  4.040000
845  4.040000
846  4.040000
847  4.040000
848  4.040000
849  4.040000
850  4.040000
851  4.040000
852  4.040000
853  4.040000
854  4.040000
855  4.040000
856  4.040000
857  4.040000
858  4.040000
859  4.040000
860  4.040000
861  4.040000
862  4.040000
863  4.040000
864  4.040000
865  4.040000
866  4.040000
867  4.040000
868  4.040000
869  4.040000
870  4.040000
871  4.060000
872  4.040000
873  4.060000
874  4.040000
875  4.040000
876  4.040000
877  4.040000
878  4.040000
879  4.040000
880  4.040000
881  4.040000
882  4.040000
883  4.040000
884  4.040000
885  4.040000
886  4.040000
887  4.040000
888  4.040000
889  4.040000
890  4.040000
891  4.040000
892  4.040000
893  4.060000
894  4.040000
895  4.040000
896  4.040000
897  4.040000
898  4.040000
899  4.040000
900  4.040000
901  4.040000
902  4.020000
903  4.040000
904  4.040000
905  4.040000
906  4.040000
907  4.040000
908  4.040000
909  4.060000
910  4.040000
911  4.040000
912  0.000000
913  0.000000
914  0.000000
915  0.020000
916  0.040000
917  0.020000
918  0.020000
919  0.020000
920  0.020000
921  0.020000
922  0.040000
923  0.020000
924  0.020000
925  0.020000
926  0.020000
927  0.020000
928  0.000000
929  0.000000
930  0.020000
931  0.000000
932  0.020000
933  0.020000
934  0.020000
935  0.000000
936  0.020000
937  0.020000
938  0.020000
939  0.020000
940  0.020000
941  0.020000
942  0.020000
943  0.020000
944  0.020000
945  0.020000
946  0.020000
947  0.000000
948  0.000000
949  0.000000
950  0.000000
951  0.000000
952  0.020000
953  0.000000
954  0.040000
955  0.020000
956  0.020000
957  0.020000
958  0.020000
959  0.020000
960  0.020000
961  0.020000
962  0.020000
963  0.020000
964  0.020000
965  0.020000
966  0.020000
967  0.020000
968  0.000000
969  0.000000
970  0.020000
971  0.000000
972  0.020000
973  0.020000
974  0.020000
975  0.020000
976  0.020000
977  0.020000
978  0.020000
979  0.020000
980  0.020000
981  0.020000
982  0.020000
983  0.020000
984  0.020000
985  0.020000
986  0.000000
987  0.000000
988  0.000000
989  0.020000
990  0.000000
991  0.000000
992  0.020000
993  0.040000
994  0.020000
995  0.020000
996  0.020000
997  0.020000
998  0.040000
999  0.020000
1000  0.020000
1001  0.020000
1002  0.020000
1003  0.020000
1004  0.020000
1005  0.020000
1006  0.020000
1007  0.000000
1008  0.020000
1009  0.000000
1010  0.000000
1011  0.000000
1012  0.020000
1013  0.020000
1014  0.020000
1015  0.020000
1016  0.020000
1017  0.020000
1018  0.020000
1019  0.020000
1020  0.020000
1021  0.020000
1022  0.020000
1023  0.020000
1024  0.020000
1025  0.000000
1026  0.000000
1027  0.000000
1028  0.000000
1029  0.020000
1030  0.000000
1031  0.020000
1032  0.020000
1033  0.020000
1034  0.040000
1035  0.020000
1036  0.020000
1037  0.020000
1038  0.020000
1039  0.040000
1040  0.020000
1041  0.020000
1042  0.020000
1043  0.020000
1044  0.020000
1045  0.000000
1046  0.000000
1047  0.000000
1048  0.020000
1049  0.020000
1050  0.000000
1051  0.020000
1052  0.020000
1053  0.020000
1054  0.020000
1055  0.020000
1056  0.000000
1057  0.020000
1058  0.020000
1059  0.020000
1060  0.020000
1061  0.020000
1062  0.020000
1063  0.020000
1064  0.000000
1065  0.000000
1066  0.000000
1067  0.000000
1068  0.000000
1069  0.020000
1070  0.020000
1071  0.020000
1072  0.040000
1073  0.040000
1074  0.020000
1075  0.020000
1076  0.020000
1077  0.040000
1078  0.020000
1079  0.020000
1080  0.040000
1081  0.020000
1082  0.020000
1083  0.020000
1084  0.000000
1085  0.000000
1086  0.000000
1087  0.000000
1088  0.000000
1089  0.000000
1090  0.020000
1091  0.000000
1092  0.020000
1093  0.020000
1094  0.020000
1095  0.020000
1096  0.020000
1097  0.020000
1098  0.020000
1099  0.000000
1100  0.020000
1101  0.000000
1102  0.020000
1103  0.000000
1104  0.000000
1105  4.060000
1106  4.060000
1107  4.040000
1108  4.040000
1109  4.040000
1110  4.040000
1111  4.040000
1112  4.040000
1113  4.040000
1114  4.040000
1115  4.040000
1116  4.040000
1117  4.040000
1118  4.040000
1119  4.020000
1120  4.060000
1121  4.040000
1122  4.040000
1123  4.040000
1124  4.040000
1125  4.060000
1126  4.040000
1127  4.040000
1128  4.040000
1129  4.060000
1130  4.040000
1131  4.020000
1132  4.020000
1133  4.040000
1134  4.020000
1135  4.020000
1136  4.040000
1137  4.040000
1138  4.040000
1139  4.040000
1140  4.040000
1141  4.040000
1142  4.040000
1143  4.060000
1144  4.060000
1145  4.040000
1146  4.020000
1147  4.040000
1148  4.040000
1149  4.040000
1150  4.040000
1151  4.040000
1152  4.040000
1153  4.020000
1154  4.020000
1155  4.040000
1156  4.040000
1157  4.040000
1158  4.040000
1159  4.040000
1160  4.040000
1161  4.040000
1162  4.040000
1163  4.040000
1164  4.060000
1165  4.040000
1166  4.040000
1167  4.040000
1168  4.020000
1169  4.040000
1170  4.040000
1171  4.040000
1172  4.040000
1173  4.040000
1174  4.040000
1175  4.040000
1176  4.040000
1177  4.040000
1178  4.020000
1179  4.040000
1180  4.040000
1181  4.040000
1182  4.040000
1183  4.040000
1184  4.060000
1185  4.040000
1186  4.040000
1187  4.040000
1188  4.040000
1189  4.040000
1190  4.040000
1191  4.040000
1192  4.040000
1193  4.040000
1194  4.040000
1195  4.040000
1196  4.040000
1197  4.040000
1198  4.040000
1199  4.040000
1200  4.020000
1201  4.040000
1202  4.040000
1203  4.040000
1204  4.040000
1205  4.040000
1206  4.040000
1207  4.040000
1208  4.040000
1209  4.040000
1210  4.040000
1211  4.020000
1212  4.040000
1213  4.040000
1214  4.040000
1215  4.040000
1216  4.040000
1217  4.040000
1218  4.040000
1219  4.040000
1220  4.040000
1221  4.040000
1222  4.040000
1223  4.040000
1224  4.040000
1225  4.040000
1226  4.040000
1227  4.040000
1228  4.040000
1229  4.040000
1230  4.040000
1231  4.040000
1232  4.040000
1233  4.040000
1234  4.040000
1235  4.020000
1236  4.040000
1237  4.040000
1238  4.040000
1239  4.040000
1240  4.040000
1241  4.020000
1242  4.040000
1243  4.040000
1244  4.040000
1245  4.040000
1246  4.040000
1247  4.040000
1248  4.040000
1249  4.020000
1250  4.040000
1251  4.040000
1252  4.020000
1253  4.040000
1254  4.020000
1255  4.040000
1256  4.040000
1257  4.040000
1258  4.020000
1259  4.020000
1260  4.040000
1261  4.040000
1262  4.060000
1263  4.040000
1264  4.040000
1265  4.040000
1266  4.060000
1267  4.040000
1268  4.040000
1269  4.040000
1270  4.040000
1271  4.040000
1272  4.040000
1273  4.040000
1274  4.040000
1275  4.040000
1276  4.040000
1277  4.020000
1278  4.040000
1279  4.040000
1280  4.020000
1281  4.040000
1282  4.040000
1283  4.040000
1284  4.040000
1285  4.040000
1286  4.040000
1287  4.040000
1288  4.040000
1289  4.040000
1290  4.040000
1291  4.040000
1292  4.040000
1293  4.040000
1294  4.040000
1295  4.000000
1296  4.040000
1297  4.040000
1298  4.040000
1299  0.000000
1300  0.000000
1301  0.020000
1302  0.000000
1303  0.000000
1304  0.020000
1305  0.020000
1306  0.020000
1307  0.020000
1308  0.020000
1309  0.020000
1310  0.020000
1311  0.020000
1312  0.040000
1313  0.020000
1314  0.020000
1315  0.020000
1316  0.020000
1317  0.000000
1318  0.000000
1319  0.000000
1320  0.000000
1321  0.000000
1322  0.020000
1323  0.000000
1324  0.020000
1325  0.020000
1326  0.020000
1327  0.020000
1328  0.000000
1329  0.020000
1330  0.020000
1331  0.000000
1332  0.020000
1333  0.000000
1334  0.020000
1335  0.020000
1336  0.000000
1337  0.020000
1338  0.000000
1339  0.000000
1340  0.000000
1341  0.000000
1342  0.000000
1343  0.000000
1344  0.020000
1345  0.020000
1346  0.020000
1347  0.040000
1348  0.020000
1349  0.020000
1350  0.040000
1351  0.020000
1352  0.040000
1353  0.020000
1354  0.020000
1355  0.020000
1356  0.000000
1357  0.000000
1358  0.020000
1359  0.000000
1360  0.020000
1361  0.000000
1362  0.020000
1363  0.020000
1364  0.020000
1365  0.020000
1366  0.020000
1367  0.020000
1368  0.020000
1369  0.000000
1370  0.020000
1371  0.020000
1372  0.020000
1373  0.020000
1374  0.020000
1375  0.020000
1376  0.000000
1377  0.000000
1378  0.020000
1379  0.000000
1380  0.000000
1381  0.000000
1382  0.020000
1383  0.020000
1384  0.020000
1385  0.040000
1386  0.020000
1387  0.020000
1388  0.020000
1389  0.020000
1390  0.020000
1391  0.020000
1392  0.020000
1393  0.020000
1394  0.020000
1395  0.000000
1396  0.000000
1397  0.000000
1398  0.020000
1399  0.000000
1400  0.000000
1401  0.000000
1402  0.020000
1403  0.020000
1404  0.020000
1405  0.020000
1406  0.020000
1407  0.020000
1408  0.020000
1409  0.020000
1410  0.020000
1411  0.000000
1412  0.000000
1413  0.000000
1414  0.020000
1415  0.000000
1416  0.000000
1417  0.000000
1418  0.000000
1419  0.000000
1420  0.000000
1421  0.020000
1422  0.020000
1423  0.020000
1424  0.040000
1425  0.020000
1426  0.040000
1427  0.020000
1428  0.020000
1429  0.020000
1430  0.020000
1431  0.020000
1432  0.020000
1433  0.020000
1434  0.020000
1435  0.000000
1436  0.020000
1437  0.020000
1438  0.000000
1439  0.000000
1440  0.000000
1441  0.020000
1442  0.020000
1443  0.020000
1444  0.020000
1445  0.020000
1446  0.020000
1447  0.020000
1448  0.000000
1449  0.020000
1450  0.020000
1451  0.020000
1452  0.020000
1453  0.020000
1454  0.040000
1455  0.000000
1456  0.000000
1457  0.000000
1458  0.000000
1459  0.020000
1460  0.020000
1461  0.020000
1462  0.020000
1463  0.020000
1464  0.040000
1465  0.040000
1466  0.020000
1467  0.040000
1468  0.020000
1469  0.020000
1470  0.020000
1471  0.020000
1472  0.020000
1473  0.020000
1474  0.000000
1475  0.000000
1476  0.000000
1477  0.000000
1478  0.020000
1479  0.020000
1480  0.020000
1481  0.020000
1482  0.020000
1483  0.020000
1484  0.000000
1485  0.020000
1486  0.000000
1487  0.020000
1488  0.020000
1489  0.020000
1490  0.020000
1491  0.020000
1492  4.040000
1493  4.040000
1494  4.040000
1495  4.060000
1496  4.040000
1497  4.060000
1498  4.040000
1499  4.040000
1500  4.040000
1501  4.040000
1502  4.040000
1503  4.040000
1504  4.040000
1505  4.060000
1506  4.040000
1507  4.040000
1508  4.040000
1509  4.040000
1510  4.040000
1511  4.040000
1512  4.040000
1513  4.040000
1514  4.040000
1515  4.040000
1516  4.040000
1517  4.040000
1518  4.040000
1519  4.040000
1520  4.040000
1521  4.040000
1522  4.040000
1523  4.040000
1524  4.040000
1525  4.040000
1526  4.040000
1527  4.040000
1528  4.040000
1529  4.040000
1530  4.040000
1531  4.040000
1532  4.040000
1533  4.040000
1534  4.040000
1535  4.040000
1536  4.040000
1537  4.040000
1538  4.040000
1539  4.040000
1540  4.040000
1541  4.040000
1542  4.040000
1543  4.040000
1544  4.040000
1545  4.040000
1546  4.040000
1547  4.040000
1548  4.040000
1549  4.040000
1550  4.040000
1551  4.040000
1552  4.040000
1553  4.040000
1554  4.060000
1555  4.040000
1556  4.040000
1557  4.040000
1558  4.040000
1559  4.040000
1560  4.020000
1561  4.040000
1562  4.020000
1563  4.040000
1564  4.040000
1565  4.020000
1566  4.040000
1567  4.040000
1568  4.040000
1569  4.060000
1570  4.040000
1571  4.040000
1572  4.040000
1573  4.040000
1574  4.060000
1575  4.040000
1576  4.040000
1577  4.040000
1578  4.040000
1579  4.040000
1580  4.040000
1581  4.040000
1582  4.040000
1583  4.040000
1584  4.040000
1585  4.040000
1586  4.040000
1587  4.060000
1588  4.040000
1589  4.060000
1590  4.040000
1591  4.040000
1592  4.040000
1593  4.020000
1594  4.040000
1595  4.040000
1596  4.040000
1597  4.040000
1598  4.040000
1599  4.040000
1600  4.040000
1601  4.020000
1602  4.060000
1603  4.040000
1604  4.040000
1605  4.040000
1606  4.040000
1607  4.040000
1608  4.040000
1609  4.040000
1610  4.040000
1611  4.040000
1612  4.060000
1613  4.040000
1614  4.040000
1615  4.040000
1616  4.040000
1617  4.040000
1618  4.040000
1619  4.040000
1620  4.040000
1621  4.040000
1622  4.040000
1623  4.040000
1624  4.040000
1625  4.040000
1626  4.020000
1627  4.040000
1628  4.040000
1629  4.040000
1630  4.060000
1631  4.040000
1632  4.040000
1633  4.040000
1634  4.040000
1635  4.040000
1636  4.040000
1637  4.060000
1638  4.040000
1639  4.040000
1640  4.020000
1641  4.020000
1642  4.040000
1643  4.040000
1644  4.040000
1645  4.040000
1646  4.040000
1647  4.040000
1648  4.040000
1649  4.040000
1650  4.000000
1651  4.040000
1652  4.040000
1653  4.060000
1654  4.040000
1655  4.040000
1656  4.040000
1657  4.040000
1658  4.060000
1659  4.040000
1660  4.060000
1661  4.040000
1662  4.040000
1663  4.060000
1664  4.040000
1665  4.040000
1666  4.040000
1667  4.040000
1668  4.060000
1669  4.040000
1670  4.040000
1671  4.040000
1672  4.040000
1673  4.060000
1674  4.040000
1675  4.040000
1676  4.040000
1677  4.040000
1678  4.040000
1679  4.040000
1680  4.020000
1681  4.040000
1682  4.040000
1683  4.040000
1684  4.040000
1685  4.040000
1686  0.020000
1687  0.000000
1688  0.000000
1689  0.000000
1690  0.000000
1691  0.000000
1692  0.000000
1693  0.000000
1694  0.020000
1695  0.020000
1696  0.040000
1697  0.020000
1698  0.020000
1699  0.040000
1700  0.020000
1701  0.020000
1702  0.020000
1703  0.020000
1704  0.040000
1705  0.020000
1706  0.020000
1707  0.020000
1708  0.000000
1709  0.000000
1710  0.000000
1711  0.000000
1712  0.020000
1713  0.000000
1714  0.020000
1715  0.020000
1716  0.020000
1717  0.020000
1718  0.020000
1719  0.020000
1720  0.020000
1721  0.020000
1722  0.020000
1723  0.020000
1724  0.020000
1725  0.000000
1726  0.020000
1727  0.000000
1728  0.000000
1729  0.000000
1730  0.000000
1731  0.000000
1732  0.000000
1733  0.020000
1734  0.020000
1735  0.020000
1736  0.020000
1737  0.040000
1738  0.040000
1739  0.020000
1740  0.020000
1741  0.020000
1742  0.040000
1743  0.020000
1744  0.020000
1745  0.020000
1746  0.000000
1747  0.000000
1748  0.000000
1749  0.000000
1750  0.000000
1751  0.000000
1752  0.000000
1753  0.040000
1754  0.020000
1755  0.040000
1756  0.020000
1757  0.020000
1758  0.020000
1759  0.000000
1760  0.020000
1761  0.020000
1762  0.020000
1763  0.020000
1764  0.020000
1765  0.020000
1766  0.000000
1767  0.000000
1768  0.000000
1769  0.000000
1770  0.020000
1771  0.020000
1772  0.020000
1773  0.040000
1774  0.020000
1775  0.020000
1776  0.020000
1777  0.020000
1778  0.040000
1779  0.020000
1780  0.040000
1781  0.020000
1782  0.020000
1783  0.020000
1784  0.000000
1785  0.020000
1786  0.040000
1787  0.000000
1788  0.020000
1789  0.000000
1790  0.000000
1791  0.020000
1792  0.020000
1793  0.020000
1794  0.020000
1795  0.040000
1796  0.040000
1797  0.020000
1798  0.020000
1799  0.020000
1800  0.020000
1801  0.020000
1802  0.020000
1803  0.020000
1804  0.020000
1805  0.000000
1806  0.020000
1807  0.000000
1808  0.000000
1809  0.000000
1810  0.000000
1811  0.000000
1812  0.020000
1813  0.020000
1814  0.040000
1815  0.020000
1816  0.040000
1817  0.020000
1818  0.020000
1819  0.020000
1820  0.020000
1821  0.020000
1822  0.020000
1823  0.020000
1824  0.000000
1825  0.000000
1826  0.000000
1827  0.000000
1828  0.000000
1829  0.020000
1830  0.020000
1831  0.020000
1832  0.020000
1833  0.020000
1834  0.020000
1835  0.020000
1836  0.020000
1837  0.020000
1838  0.020000
1839  0.020000
1840  0.020000
1841  0.020000
1842  0.000000
1843  0.000000
1844  0.020000
1845  0.000000
1846  0.000000
1847  0.020000
1848  0.000000
1849  0.000000
1850  0.040000
1851  0.020000
1852  0.040000
1853  0.020000
1854  0.020000
1855  0.020000
1856  0.020000
1857  0.020000
1858  0.020000
1859  0.020000
1860  0.020000
1861  0.020000
1862  0.040000
1863  0.020000
1864  0.000000
1865  0.020000
1866  0.000000
1867  0.020000
1868  0.020000
1869  0.020000
1870  0.020000
1871  0.020000
1872  0.020000
1873  0.040000
1874  0.020000
1875  0.020000
1876  0.020000
1877  0.020000
1878  0.020000
1879  4.040000
1880  4.040000
1881  4.020000
1882  4.020000
1883  4.040000
1884  4.020000
1885  4.060000
1886  4.060000
1887  4.040000
1888  4.040000
1889  4.020000
1890  4.040000
1891  4.040000
1892  4.040000
1893  4.040000
1894  4.040000
1895  4.060000
1896  4.040000
1897  4.040000
1898  4.040000
1899  4.040000
1900  4.040000
1901  4.040000
1902  4.040000
1903  4.060000
1904  4.040000
1905  4.060000
1906  4.040000
1907  4.040000
1908  4.040000
1909  4.040000
1910  4.060000
1911  4.040000
1912  4.040000
1913  4.040000
1914  4.040000
1915  4.040000
1916  4.020000
1917  4.040000
1918  4.040000
1919  4.040000
1920  4.040000
1921  4.040000
1922  4.060000
1923  4.040000
1924  4.040000
1925  4.040000
1926  4.060000
1927  4.060000
1928  4.040000
1929  4.040000
1930  4.040000
1931  4.040000
1932  4.040000
1933  4.040000
1934  4.020000
1935  4.040000
1936  4.040000
1937  4.040000
1938  4.040000
1939  4.040000
1940  4.020000
1941  4.040000
1942  4.040000
1943  4.020000
1944  4.040000
1945  4.040000
1946  4.060000
1947  4.040000
1948  4.040000
1949  4.040000
1950  4.040000
1951  4.020000
1952  4.060000
1953  4.040000
1954  4.040000
1955  4.020000
1956  4.040000
1957  4.040000
1958  4.040000
1959  4.040000
1960  4.040000
1961  4.060000
1962  4.060000
1963  4.040000
1964  4.060000
1965  4.040000
1966  4.040000
1967  4.060000
1968  4.040000
1969  4.060000
1970  4.020000
1971  4.040000
1972  4.040000
1973  4.040000
1974  4.040000
1975  4.040000
1976  4.040000
1977  4.040000
1978  4.040000
1979  4.040000
1980  4.040000
1981  4.040000
1982  4.040000
1983  4.040000
1984  4.040000
1985  4.060000
1986  4.040000
1987  4.040000
1988  4.040000
1989  4.040000
1990  4.040000
1991  4.040000
1992  4.040000
1993  4.000000
1994  4.040000
1995  4.020000
1996  4.040000
1997  4.040000
1998  4.040000
1999  4.040000
2000  4.040000
2001  4.040000
2002  4.060000
2003  4.060000
2004  4.060000
2005  4.060000
2006  4.040000
2007  4.040000
2008  4.040000
2009  4.040000
2010  4.040000
2011  4.040000
2012  4.040000
2013  4.040000
2014  4.040000
2015  4.040000
2016  4.040000
2017  4.040000
2018  4.040000
2019  4.040000
2020  4.040000
2021  4.040000
2022  4.040000
2023  4.060000
2024  4.040000
2025  4.020000
2026  4.040000
2027  4.040000
2028  4.060000
2029  4.060000
2030  4.040000
2031  4.040000
2032  4.020000
2033  4.040000
2034  4.040000
2035  4.040000
2036  4.040000
2037  4.060000
2038  4.040000
2039  4.040000
2040  4.040000
2041  4.060000
2042  4.060000
2043  4.060000
2044  4.040000
2045  4.040000
2046  4.040000
2047  4.040000
2048  0.000000
