Nama File =s100_200_210_2k.dat
Time Samplig =0.0005
1  0.640000
2  2.080000
3  0.040000
4  0.220000
5  0.660000
6  1.220000
7  1.760000
8  2.080000
9  2.120000
10  1.860000
11  1.420000
12  0.980000
13  0.660000
14  0.560000
15  0.620000
16  0.780000
17  0.880000
18  0.840000
19  0.640000
20  0.380000
21  0.160000
22  0.080000
23  0.240000
24  0.620000
25  1.120000
26  1.580000
27  1.880000
28  1.960000
29  1.800000
30  1.500000
31  1.160000
32  0.900000
33  0.780000
34  0.760000
35  0.800000
36  0.800000
37  0.720000
38  0.560000
39  0.360000
40  0.220000
41  0.180000
42  0.320000
43  0.620000
44  1.000000
45  1.380000
46  1.640000
47  1.780000
48  1.740000
49  1.580000
50  1.380000
51  1.180000
52  1.000000
53  0.880000
54  0.780000
55  0.680000
56  0.580000
57  0.460000
58  0.360000
59  0.300000
60  0.320000
61  0.420000
62  0.620000
63  0.860000
64  1.140000
65  1.380000
66  1.560000
67  1.660000
68  1.680000
69  1.600000
70  1.440000
71  1.220000
72  1.000000
73  0.760000
74  0.580000
75  0.440000
76  0.380000
77  0.400000
78  0.440000
79  0.500000
80  0.540000
81  0.600000
82  0.720000
83  0.880000
84  1.080000
85  1.340000
86  1.580000
87  1.780000
88  1.820000
89  1.700000
90  1.440000
91  1.080000
92  0.740000
93  0.480000
94  0.340000
95  0.340000
96  0.440000
97  0.560000
98  0.660000
99  0.640000
100  0.600000
101  0.560000
102  0.620000
103  0.800000
104  1.120000
105  1.520000
106  1.840000
107  2.000000
108  1.920000
109  1.620000
110  1.160000
111  0.720000
112  0.380000
113  0.260000
114  0.320000
115  0.520000
116  0.700000
117  0.800000
118  0.740000
119  0.560000
120  0.400000
121  0.380000
122  0.560000
123  0.940000
124  1.440000
125  1.900000
126  2.160000
127  2.100000
128  1.760000
129  1.240000
130  0.700000
131  0.340000
132  0.220000
133  0.340000
134  0.600000
135  0.820000
136  0.900000
137  0.800000
138  0.540000
139  0.280000
140  0.180000
141  0.340000
142  0.780000
143  1.380000
144  1.900000
145  2.240000
146  2.200000
147  1.840000
148  1.300000
149  0.740000
150  0.340000
151  0.240000
152  0.400000
153  0.680000
154  0.920000
155  0.980000
156  0.800000
157  0.500000
158  0.180000
159  0.040000
160  0.220000
161  0.680000
162  1.300000
163  1.880000
164  2.240000
165  2.240000
166  1.900000
167  1.340000
168  0.780000
169  0.420000
170  0.320000
171  0.500000
172  0.760000
173  0.980000
174  1.000000
175  0.800000
176  0.440000
177  0.100000
178  0.000000
179  0.120000
180  0.600000
181  1.240000
182  1.820000
183  2.180000
184  2.200000
185  1.900000
186  1.400000
187  0.880000
188  0.540000
189  0.460000
190  0.600000
191  0.840000
192  1.000000
193  0.980000
194  0.740000
195  0.400000
196  0.080000
197  0.000000
198  0.100000
199  0.560000
200  1.140000
201  1.700000
202  2.040000
203  2.100000
204  1.880000
205  1.460000
206  1.020000
207  0.720000
208  0.620000
209  0.720000
210  0.880000
211  0.960000
212  0.900000
213  0.680000
214  0.360000
215  0.100000
216  0.000000
217  0.140000
218  0.520000
219  1.040000
220  1.540000
221  1.860000
222  1.940000
223  1.800000
224  1.520000
225  1.200000
226  0.940000
227  0.840000
228  0.840000
229  0.900000
230  0.900000
231  0.800000
232  0.600000
233  0.340000
234  0.160000
235  0.120000
236  0.240000
237  0.520000
238  0.920000
239  1.320000
240  1.600000
241  1.740000
242  1.720000
243  1.580000
244  1.400000
245  1.200000
246  1.060000
247  0.960000
248  0.900000
249  0.800000
250  0.680000
251  0.520000
252  0.360000
253  0.260000
254  0.260000
255  0.340000
256  0.520000
257  0.780000
258  1.060000
259  1.320000
260  1.520000
261  1.620000
262  1.660000
263  1.600000
264  1.460000
265  1.280000
266  1.080000
267  0.880000
268  0.700000
269  0.560000
270  0.460000
271  0.400000
272  0.400000
273  0.420000
274  0.460000
275  0.520000
276  0.620000
277  0.820000
278  1.040000
279  1.300000
280  1.540000
281  1.740000
282  1.800000
283  1.720000
284  1.480000
285  1.180000
286  0.840000
287  0.600000
288  0.440000
289  0.420000
290  0.480000
291  0.560000
292  0.580000
293  0.580000
294  0.520000
295  0.480000
296  0.540000
297  0.740000
298  1.080000
299  1.460000
300  1.800000
301  1.980000
302  1.920000
303  1.660000
304  1.240000
305  0.820000
306  0.500000
307  0.360000
308  0.400000
309  0.560000
310  0.700000
311  0.760000
312  0.680000
313  0.500000
314  0.340000
315  0.300000
316  0.500000
317  0.880000
318  1.380000
319  1.840000
320  2.100000
321  2.100000
322  1.780000
323  1.300000
324  0.800000
325  0.460000
326  0.340000
327  0.440000
328  0.660000
329  0.840000
330  0.880000
331  0.740000
332  0.480000
333  0.220000
334  0.100000
335  0.280000
336  0.720000
337  1.300000
338  1.860000
339  2.180000
340  2.200000
341  1.880000
342  1.340000
343  0.820000
344  0.440000
345  0.360000
346  0.500000
347  0.760000
348  0.960000
349  0.980000
350  0.780000
351  0.440000
352  0.120000
353  0.000000
354  0.120000
355  0.600000
356  1.240000
357  1.840000
358  2.200000
359  2.220000
360  1.900000
361  1.380000
362  0.860000
363  0.500000
364  0.420000
365  0.580000
366  0.840000
367  1.040000
368  1.040000
369  0.780000
370  0.400000
371  0.040000
372  0.000000
373  0.040000
374  0.500000
375  1.140000
376  1.760000
377  2.140000
378  2.180000
379  1.900000
380  1.420000
381  0.940000
382  0.620000
383  0.560000
384  0.700000
385  0.920000
386  1.080000
387  1.020000
388  0.760000
389  0.360000
390  0.020000
391  0.000000
392  0.020000
393  0.460000
394  1.060000
395  1.640000
396  2.000000
397  2.080000
398  1.860000
399  1.460000
400  1.060000
401  0.780000
402  0.720000
403  0.820000
404  0.980000
405  1.060000
406  0.980000
407  0.720000
408  0.340000
409  0.040000
410  0.000000
411  0.060000
412  0.440000
413  0.940000
414  1.460000
415  1.800000
416  1.900000
417  1.780000
418  1.520000
419  1.200000
420  0.980000
421  0.900000
422  0.940000
423  1.000000
424  1.020000
425  0.880000
426  0.660000
427  0.360000
428  0.120000
429  0.020000
430  0.140000
431  0.440000
432  0.840000
433  1.260000
434  1.560000
435  1.700000
436  1.700000
437  1.560000
438  1.400000
439  1.220000
440  1.120000
441  1.060000
442  1.020000
443  0.920000
444  0.780000
445  0.580000
446  0.380000
447  0.220000
448  0.180000
449  0.260000
450  0.440000
451  0.720000
452  1.000000
453  1.280000
454  1.480000
455  1.580000
456  1.620000
457  1.580000
458  1.480000
459  1.320000
460  1.160000
461  1.000000
462  0.820000
463  0.660000
464  0.540000
465  0.440000
466  0.380000
467  0.360000
468  0.380000
469  0.440000
470  0.580000
471  0.740000
472  0.980000
473  1.240000
474  1.500000
475  1.680000
476  1.780000
477  1.700000
478  1.520000
479  1.240000
480  0.960000
481  0.720000
482  0.560000
483  0.500000
484  0.520000
485  0.540000
486  0.540000
487  0.500000
488  0.440000
489  0.420000
490  0.500000
491  0.700000
492  1.020000
493  1.400000
494  1.740000
495  1.920000
496  1.900000
497  1.680000
498  1.320000
499  0.920000
500  0.620000
501  0.480000
502  0.500000
503  0.620000
504  0.720000
505  0.720000
506  0.620000
507  0.440000
508  0.280000
509  0.260000
510  0.440000
511  0.820000
512  1.320000
513  1.780000
514  2.060000
515  2.080000
516  1.800000
517  1.360000
518  0.900000
519  0.560000
520  0.440000
521  0.540000
522  0.720000
523  0.880000
524  0.880000
525  0.720000
526  0.420000
527  0.160000
528  0.060000
529  0.220000
530  0.640000
531  1.240000
532  1.780000
533  2.140000
534  2.160000
535  1.880000
536  1.400000
537  0.900000
538  0.540000
539  0.460000
540  0.600000
541  0.840000
542  1.020000
543  1.000000
544  0.760000
545  0.400000
546  0.060000
547  0.000000
548  0.060000
549  0.520000
550  1.160000
551  1.760000
552  2.160000
553  2.200000
554  1.900000
555  1.420000
556  0.920000
557  0.580000
558  0.520000
559  0.680000
560  0.940000
561  1.100000
562  1.080000
563  0.800000
564  0.380000
565  0.000000
566  0.000000
567  0.000000
568  0.440000
569  1.080000
570  1.680000
571  2.080000
572  2.140000
573  1.880000
574  1.440000
575  0.980000
576  0.680000
577  0.620000
578  0.800000
579  1.020000
580  1.160000
581  1.080000
582  0.780000
583  0.360000
584  0.000000
585  0.000000
586  0.000000
587  0.380000
588  0.980000
589  1.580000
590  1.960000
591  2.040000
592  1.840000
593  1.460000
594  1.080000
595  0.820000
596  0.780000
597  0.920000
598  1.080000
599  1.160000
600  1.060000
601  0.760000
602  0.360000
603  0.000000
604  0.000000
605  0.000000
606  0.360000
607  0.880000
608  1.400000
609  1.760000
610  1.880000
611  1.760000
612  1.480000
613  1.200000
614  1.020000
615  0.960000
616  1.020000
617  1.120000
618  1.120000
619  0.980000
620  0.720000
621  0.360000
622  0.080000
623  0.000000
624  0.060000
625  0.360000
626  0.780000
627  1.200000
628  1.520000
629  1.680000
630  1.660000
631  1.520000
632  1.360000
633  1.240000
634  1.160000
635  1.140000
636  1.120000
637  1.060000
638  0.900000
639  0.660000
640  0.420000
641  0.200000
642  0.120000
643  0.160000
644  0.360000
645  0.660000
646  0.940000
647  1.240000
648  1.440000
649  1.540000
650  1.580000
651  1.540000
652  1.460000
653  1.360000
654  1.240000
655  1.100000
656  0.940000
657  0.780000
658  0.620000
659  0.480000
660  0.360000
661  0.300000
662  0.300000
663  0.360000
664  0.500000
665  0.700000
666  0.940000
667  1.200000
668  1.440000
669  1.620000
670  1.720000
671  1.680000
672  1.540000
673  1.320000
674  1.060000
675  0.840000
676  0.680000
677  0.600000
678  0.560000
679  0.560000
680  0.520000
681  0.440000
682  0.380000
683  0.360000
684  0.440000
685  0.640000
686  0.940000
687  1.340000
688  1.680000
689  1.880000
690  1.880000
691  1.680000
692  1.360000
693  1.020000
694  0.740000
695  0.600000
696  0.600000
697  0.680000
698  0.740000
699  0.720000
700  0.580000
701  0.380000
702  0.220000
703  0.200000
704  0.380000
705  0.760000
706  1.240000
707  1.720000
708  2.000000
709  2.020000
710  1.800000
711  1.400000
712  0.980000
713  0.680000
714  0.560000
715  0.620000
716  0.800000
717  0.920000
718  0.880000
719  0.680000
720  0.380000
721  0.100000
722  0.000000
723  0.160000
724  0.580000
725  1.160000
726  1.720000
727  2.080000
728  2.120000
729  1.860000
730  1.420000
731  0.960000
732  0.640000
733  0.560000
734  0.700000
735  0.920000
736  1.060000
737  1.020000
738  0.760000
739  0.360000
740  0.000000
741  0.000000
742  0.000000
743  0.460000
744  1.080000
745  1.680000
746  2.080000
747  2.140000
748  1.880000
749  1.420000
750  0.960000
751  0.660000
752  0.620000
753  0.780000
754  1.040000
755  1.180000
756  1.120000
757  0.820000
758  0.360000
759  0.000000
760  0.000000
761  0.000000
762  0.360000
763  1.000000
764  1.620000
765  2.020000
766  2.100000
767  1.860000
768  1.440000
769  1.000000
770  0.740000
771  0.720000
772  0.900000
773  1.120000
774  1.240000
775  1.160000
776  0.820000
777  0.360000
778  0.000000
779  0.000000
780  0.000000
781  0.300000
782  0.920000
783  1.500000
784  1.900000
785  2.000000
786  1.800000
787  1.440000
788  1.080000
789  0.860000
790  0.860000
791  1.000000
792  1.200000
793  1.260000
794  1.140000
795  0.820000
796  0.360000
797  0.000000
798  0.000000
799  0.000000
800  0.280000
801  0.820000
802  1.360000
803  1.700000
804  1.820000
805  1.720000
806  1.460000
807  1.180000
808  1.020000
809  1.020000
810  1.120000
811  1.220000
812  1.240000
813  1.100000
814  0.780000
815  0.400000
816  0.060000
817  0.000000
818  0.000000
819  0.260000
820  0.700000
821  1.140000
822  1.460000
823  1.620000
824  1.600000
825  1.480000
826  1.340000
827  1.220000
828  1.200000
829  1.220000
830  1.240000
831  1.180000
832  1.000000
833  0.740000
834  0.440000
835  0.200000
836  0.060000
837  0.100000
838  0.280000
839  0.580000
840  0.900000
841  1.200000
842  1.380000
843  1.500000
844  1.520000
845  1.500000
846  1.440000
847  1.380000
848  1.300000
849  1.200000
850  1.080000
851  0.900000
852  0.720000
853  0.520000
854  0.380000
855  0.280000
856  0.240000
857  0.300000
858  0.440000
859  0.660000
860  0.900000
861  1.140000
862  1.380000
863  1.560000
864  1.660000
865  1.660000
866  1.540000
867  1.360000
868  1.160000
869  0.980000
870  0.820000
871  0.700000
872  0.620000
873  0.560000
874  0.500000
875  0.400000
876  0.320000
877  0.300000
878  0.400000
879  0.600000
880  0.920000
881  1.260000
882  1.600000
883  1.800000
884  1.840000
885  1.680000
886  1.400000
887  1.100000
888  0.860000
889  0.720000
890  0.700000
891  0.740000
892  0.780000
893  0.700000
894  0.540000
895  0.340000
896  0.180000
897  0.160000
898  0.320000
899  0.700000
900  1.180000
901  1.640000
902  1.920000
903  1.980000
904  1.800000
905  1.440000
906  1.040000
907  0.780000
908  0.680000
909  0.740000
910  0.880000
911  0.960000
912  0.900000
913  0.680000
914  0.340000
915  0.060000
916  0.000000
917  0.100000
918  0.520000
919  1.100000
920  1.640000
921  2.000000
922  2.060000
923  1.840000
924  1.440000
925  1.000000
926  0.720000
927  0.660000
928  0.800000
929  1.000000
930  1.140000
931  1.060000
932  0.780000
933  0.360000
934  0.000000
935  0.000000
936  0.000000
937  0.380000
938  1.020000
939  1.620000
940  2.020000
941  2.100000
942  1.860000
943  1.440000
944  1.000000
945  0.720000
946  0.700000
947  0.880000
948  1.120000
949  1.260000
950  1.180000
951  0.840000
952  0.360000
953  0.000000
954  0.000000
955  0.000000
956  0.280000
957  0.920000
958  1.560000
959  1.960000
960  2.040000
961  1.820000
962  1.420000
963  1.000000
964  0.760000
965  0.780000
966  0.980000
967  1.220000
968  1.340000
969  1.240000
970  0.880000
971  0.380000
972  0.000000
973  0.000000
974  0.000000
975  0.220000
976  0.840000
977  1.440000
978  1.840000
979  1.940000
980  1.760000
981  1.420000
982  1.080000
983  0.880000
984  0.900000
985  1.100000
986  1.300000
987  1.380000
988  1.240000
989  0.880000
990  0.400000
991  0.000000
992  0.000000
993  0.000000
994  0.200000
995  0.740000
996  1.280000
997  1.660000
998  1.780000
999  1.660000
1000  1.420000
1001  1.160000
1002  1.020000
1003  1.040000
1004  1.180000
1005  1.340000
1006  1.360000
1007  1.200000
1008  0.860000
1009  0.440000
1010  0.060000
1011  0.000000
1012  0.000000
1013  0.200000
1014  0.620000
1015  1.080000
1016  1.420000
1017  1.580000
1018  1.560000
1019  1.420000
1020  1.300000
1021  1.220000
1022  1.220000
1023  1.280000
1024  1.340000
1025  1.300000
1026  1.120000
1027  0.840000
1028  0.500000
1029  0.200000
1030  0.040000
1031  0.040000
1032  0.220000
1033  0.520000
1034  0.860000
1035  1.140000
1036  1.340000
1037  1.440000
1038  1.440000
1039  1.440000
1040  1.420000
1041  1.380000
1042  1.360000
1043  1.300000
1044  1.200000
1045  1.040000
1046  0.820000
1047  0.580000
1048  0.380000
1049  0.260000
1050  0.200000
1051  0.240000
1052  0.380000
1053  0.600000
1054  0.840000
1055  1.100000
1056  1.320000
1057  1.480000
1058  1.580000
1059  1.600000
1060  1.540000
1061  1.400000
1062  1.240000
1063  1.100000
1064  0.940000
1065  0.800000
1066  0.700000
1067  0.600000
1068  0.480000
1069  0.360000
1070  0.280000
1071  0.260000
1072  0.340000
1073  0.560000
1074  0.860000
1075  1.200000
1076  1.520000
1077  1.720000
1078  1.780000
1079  1.680000
1080  1.440000
1081  1.180000
1082  0.960000
1083  0.860000
1084  0.800000
1085  0.820000
1086  0.820000
1087  0.720000
1088  0.520000
1089  0.300000
1090  0.140000
1091  0.100000
1092  0.280000
1093  0.620000
1094  1.100000
1095  1.560000
1096  1.840000
1097  1.920000
1098  1.780000
1099  1.460000
1100  1.120000
1101  0.880000
1102  0.800000
1103  0.840000
1104  0.960000
1105  1.020000
1106  0.920000
1107  0.680000
1108  0.320000
1109  0.020000
1110  0.000000
1111  0.040000
1112  0.440000
1113  1.020000
1114  1.560000
1115  1.900000
1116  2.000000
1117  1.820000
1118  1.440000
1119  1.060000
1120  0.800000
1121  0.760000
1122  0.900000
1123  1.100000
1124  1.200000
1125  1.100000
1126  0.800000
1127  0.360000
1128  0.000000
1129  0.000000
1130  0.000000
1131  0.300000
1132  0.920000
1133  1.540000
1134  1.940000
1135  2.020000
1136  1.820000
1137  1.440000
1138  1.020000
1139  0.780000
1140  0.780000
1141  0.980000
1142  1.220000
1143  1.340000
1144  1.240000
1145  0.880000
1146  0.380000
1147  0.000000
1148  0.000000
1149  0.000000
1150  0.200000
1151  0.840000
1152  1.480000
1153  1.900000
1154  1.980000
1155  1.780000
1156  1.400000
1157  1.020000
1158  0.800000
1159  0.840000
1160  1.060000
1161  1.320000
1162  1.440000
1163  1.320000
1164  0.920000
1165  0.400000
1166  0.000000
1167  0.000000
1168  0.000000
1169  0.140000
1170  0.760000
1171  1.360000
1172  1.780000
1173  1.880000
1174  1.720000
1175  1.380000
1176  1.060000
1177  0.900000
1178  0.940000
1179  1.160000
1180  1.400000
1181  1.480000
1182  1.340000
1183  0.940000
1184  0.440000
1185  0.000000
1186  0.000000
1187  0.000000
1188  0.120000
1189  0.660000
1190  1.220000
1191  1.580000
1192  1.720000
1193  1.620000
1194  1.360000
1195  1.120000
1196  1.020000
1197  1.080000
1198  1.240000
1199  1.420000
1200  1.480000
1201  1.300000
1202  0.940000
1203  0.480000
1204  0.060000
1205  0.000000
1206  0.000000
1207  0.140000
1208  0.560000
1209  1.020000
1210  1.360000
1211  1.520000
1212  1.500000
1213  1.360000
1214  1.240000
1215  1.200000
1216  1.240000
1217  1.340000
1218  1.420000
1219  1.420000
1220  1.240000
1221  0.940000
1222  0.560000
1223  0.220000
1224  0.020000
1225  0.000000
1226  0.160000
1227  0.460000
1228  0.800000
1229  1.080000
1230  1.280000
1231  1.380000
1232  1.380000
1233  1.360000
1234  1.380000
1235  1.380000
1236  1.400000
1237  1.380000
1238  1.320000
1239  1.160000
1240  0.920000
1241  0.660000
1242  0.400000
1243  0.240000
1244  0.160000
1245  0.200000
1246  0.340000
1247  0.560000
1248  0.800000
1249  1.040000
1250  1.240000
1251  1.420000
1252  1.520000
1253  1.560000
1254  1.540000
1255  1.440000
1256  1.320000
1257  1.200000
1258  1.060000
1259  0.920000
1260  0.780000
1261  0.620000
1262  0.480000
1263  0.340000
1264  0.240000
1265  0.220000
1266  0.300000
1267  0.500000
1268  0.780000
1269  1.140000
1270  1.440000
1271  1.660000
1272  1.720000
1273  1.640000
1274  1.460000
1275  1.240000
1276  1.060000
1277  0.960000
1278  0.920000
1279  0.900000
1280  0.860000
1281  0.740000
1282  0.520000
1283  0.280000
1284  0.100000
1285  0.080000
1286  0.240000
1287  0.560000
1288  1.020000
1289  1.480000
1290  1.760000
1291  1.860000
1292  1.740000
1293  1.480000
1294  1.180000
1295  0.960000
1296  0.880000
1297  0.940000
1298  1.040000
1299  1.080000
1300  0.960000
1301  0.700000
1302  0.340000
1303  0.000000
1304  0.000000
1305  0.000000
1306  0.380000
1307  0.920000
1308  1.460000
1309  1.840000
1310  1.940000
1311  1.780000
1312  1.440000
1313  1.100000
1314  0.880000
1315  0.840000
1316  0.980000
1317  1.180000
1318  1.280000
1319  1.160000
1320  0.820000
1321  0.360000
1322  0.000000
1323  0.000000
1324  0.000000
1325  0.240000
1326  0.840000
1327  1.440000
1328  1.860000
1329  1.960000
1330  1.780000
1331  1.420000
1332  1.040000
1333  0.840000
1334  0.860000
1335  1.060000
1336  1.320000
1337  1.420000
1338  1.320000
1339  0.920000
1340  0.400000
1341  0.000000
1342  0.000000
1343  0.000000
1344  0.140000
1345  0.760000
1346  1.380000
1347  1.820000
1348  1.920000
1349  1.740000
1350  1.380000
1351  1.020000
1352  0.840000
1353  0.900000
1354  1.140000
1355  1.400000
1356  1.540000
1357  1.400000
1358  1.000000
1359  0.440000
1360  0.000000
1361  0.000000
1362  0.000000
1363  0.080000
1364  0.680000
1365  1.280000
1366  1.700000
1367  1.820000
1368  1.660000
1369  1.340000
1370  1.040000
1371  0.900000
1372  0.980000
1373  1.240000
1374  1.480000
1375  1.580000
1376  1.440000
1377  1.040000
1378  0.480000
1379  0.000000
1380  0.000000
1381  0.000000
1382  0.060000
1383  0.600000
1384  1.140000
1385  1.520000
1386  1.660000
1387  1.560000
1388  1.320000
1389  1.080000
1390  1.020000
1391  1.100000
1392  1.300000
1393  1.520000
1394  1.580000
1395  1.420000
1396  1.040000
1397  0.540000
1398  0.080000
1399  0.000000
1400  0.000000
1401  0.080000
1402  0.520000
1403  0.960000
1404  1.300000
1405  1.460000
1406  1.440000
1407  1.300000
1408  1.180000
1409  1.160000
1410  1.240000
1411  1.380000
1412  1.520000
1413  1.520000
1414  1.360000
1415  1.040000
1416  0.620000
1417  0.240000
1418  0.000000
1419  0.000000
1420  0.120000
1421  0.420000
1422  0.740000
1423  1.040000
1424  1.220000
1425  1.300000
1426  1.300000
1427  1.300000
1428  1.320000
1429  1.380000
1430  1.440000
1431  1.480000
1432  1.420000
1433  1.260000
1434  1.020000
1435  0.720000
1436  0.440000
1437  0.240000
1438  0.140000
1439  0.160000
1440  0.300000
1441  0.520000
1442  0.740000
1443  0.960000
1444  1.160000
1445  1.320000
1446  1.440000
1447  1.500000
1448  1.520000
1449  1.480000
1450  1.400000
1451  1.300000
1452  1.160000
1453  1.020000
1454  0.860000
1455  0.680000
1456  0.500000
1457  0.340000
1458  0.220000
1459  0.200000
1460  0.280000
1461  0.460000
1462  0.720000
1463  1.040000
1464  1.340000
1465  1.560000
1466  1.660000
1467  1.620000
1468  1.480000
1469  1.320000
1470  1.160000
1471  1.060000
1472  1.020000
1473  0.980000
1474  0.920000
1475  0.760000
1476  0.540000
1477  0.280000
1478  0.100000
1479  0.040000
1480  0.180000
1481  0.500000
1482  0.940000
1483  1.360000
1484  1.660000
1485  1.780000
1486  1.700000
1487  1.480000
1488  1.220000
1489  1.040000
1490  0.980000
1491  1.040000
1492  1.120000
1493  1.140000
1494  1.000000
1495  0.720000
1496  0.340000
1497  0.000000
1498  0.000000
1499  0.000000
1500  0.320000
1501  0.840000
1502  1.380000
1503  1.740000
1504  1.860000
1505  1.720000
1506  1.440000
1507  1.120000
1508  0.940000
1509  0.920000
1510  1.080000
1511  1.260000
1512  1.360000
1513  1.220000
1514  0.860000
1515  0.400000
1516  0.000000
1517  0.000000
1518  0.000000
1519  0.180000
1520  0.760000
1521  1.360000
1522  1.760000
1523  1.880000
1524  1.720000
1525  1.400000
1526  1.060000
1527  0.880000
1528  0.920000
1529  1.140000
1530  1.380000
1531  1.520000
1532  1.380000
1533  0.980000
1534  0.440000
1535  0.000000
1536  0.000000
1537  0.000000
1538  0.080000
1539  0.680000
1540  1.300000
1541  1.720000
1542  1.840000
1543  1.680000
1544  1.340000
1545  1.020000
1546  0.860000
1547  0.940000
1548  1.220000
1549  1.500000
1550  1.620000
1551  1.480000
1552  1.060000
1553  0.480000
1554  0.000000
1555  0.000000
1556  0.000000
1557  0.040000
1558  0.620000
1559  1.200000
1560  1.620000
1561  1.740000
1562  1.580000
1563  1.300000
1564  1.020000
1565  0.900000
1566  1.020000
1567  1.300000
1568  1.560000
1569  1.680000
1570  1.540000
1571  1.120000
1572  0.540000
1573  0.000000
1574  0.000000
1575  0.000000
1576  0.020000
1577  0.540000
1578  1.080000
1579  1.460000
1580  1.580000
1581  1.480000
1582  1.260000
1583  1.040000
1584  1.000000
1585  1.120000
1586  1.360000
1587  1.600000
1588  1.680000
1589  1.520000
1590  1.140000
1591  0.600000
1592  0.120000
1593  0.000000
1594  0.000000
1595  0.040000
1596  0.460000
1597  0.900000
1598  1.240000
1599  1.380000
1600  1.360000
1601  1.220000
1602  1.120000
1603  1.120000
1604  1.240000
1605  1.440000
1606  1.600000
1607  1.620000
1608  1.460000
1609  1.140000
1610  0.700000
1611  0.280000
1612  0.020000
1613  0.000000
1614  0.080000
1615  0.380000
1616  0.700000
1617  0.980000
1618  1.140000
1619  1.220000
1620  1.220000
1621  1.220000
1622  1.260000
1623  1.360000
1624  1.480000
1625  1.540000
1626  1.520000
1627  1.380000
1628  1.120000
1629  0.800000
1630  0.480000
1631  0.260000
1632  0.140000
1633  0.140000
1634  0.280000
1635  0.480000
1636  0.700000
1637  0.900000
1638  1.080000
1639  1.220000
1640  1.340000
1641  1.440000
1642  1.480000
1643  1.500000
1644  1.480000
1645  1.400000
1646  1.280000
1647  1.120000
1648  0.920000
1649  0.720000
1650  0.520000
1651  0.340000
1652  0.220000
1653  0.180000
1654  0.260000
1655  0.420000
1656  0.660000
1657  0.960000
1658  1.240000
1659  1.460000
1660  1.580000
1661  1.580000
1662  1.500000
1663  1.360000
1664  1.260000
1665  1.160000
1666  1.100000
1667  1.060000
1668  0.960000
1669  0.800000
1670  0.560000
1671  0.300000
1672  0.080000
1673  0.040000
1674  0.160000
1675  0.440000
1676  0.860000
1677  1.260000
1678  1.560000
1679  1.700000
1680  1.640000
1681  1.460000
1682  1.260000
1683  1.120000
1684  1.080000
1685  1.140000
1686  1.200000
1687  1.200000
1688  1.060000
1689  0.740000
1690  0.360000
1691  0.020000
1692  0.000000
1693  0.000000
1694  0.260000
1695  0.760000
1696  1.260000
1697  1.620000
1698  1.760000
1699  1.660000
1700  1.420000
1701  1.160000
1702  1.000000
1703  1.000000
1704  1.160000
1705  1.340000
1706  1.420000
1707  1.280000
1708  0.920000
1709  0.420000
1710  0.000000
1711  0.000000
1712  0.000000
1713  0.120000
1714  0.680000
1715  1.260000
1716  1.660000
1717  1.780000
1718  1.660000
1719  1.360000
1720  1.060000
1721  0.920000
1722  0.980000
1723  1.220000
1724  1.480000
1725  1.580000
1726  1.440000
1727  1.040000
1728  0.480000
1729  0.000000
1730  0.000000
1731  0.000000
1732  0.040000
1733  0.620000
1734  1.220000
1735  1.620000
1736  1.740000
1737  1.600000
1738  1.300000
1739  1.000000
1740  0.880000
1741  1.000000
1742  1.280000
1743  1.580000
1744  1.700000
1745  1.560000
1746  1.140000
1747  0.540000
1748  0.000000
1749  0.000000
1750  0.000000
1751  0.000000
1752  0.560000
1753  1.140000
1754  1.540000
1755  1.660000
1756  1.520000
1757  1.240000
1758  0.980000
1759  0.900000
1760  1.060000
1761  1.360000
1762  1.640000
1763  1.780000
1764  1.620000
1765  1.200000
1766  0.600000
1767  0.040000
1768  0.000000
1769  0.000000
1770  0.000000
1771  0.500000
1772  1.020000
1773  1.380000
1774  1.500000
1775  1.400000
1776  1.180000
1777  0.980000
1778  0.980000
1779  1.140000
1780  1.420000
1781  1.680000
1782  1.780000
1783  1.620000
1784  1.220000
1785  0.680000
1786  0.160000
1787  0.000000
1788  0.000000
1789  0.020000
1790  0.420000
1791  0.860000
1792  1.180000
1793  1.320000
1794  1.260000
1795  1.140000
1796  1.040000
1797  1.080000
1798  1.240000
1799  1.460000
1800  1.680000
1801  1.720000
1802  1.580000
1803  1.240000
1804  0.760000
1805  0.320000
1806  0.020000
1807  0.000000
1808  0.060000
1809  0.340000
1810  0.660000
1811  0.920000
1812  1.080000
1813  1.140000
1814  1.120000
1815  1.140000
1816  1.200000
1817  1.340000
1818  1.500000
1819  1.620000
1820  1.620000
1821  1.500000
1822  1.220000
1823  0.860000
1824  0.520000
1825  0.280000
1826  0.140000
1827  0.140000
1828  0.280000
1829  0.460000
1830  0.660000
1831  0.840000
1832  1.000000
1833  1.120000
1834  1.240000
1835  1.340000
1836  1.440000
1837  1.520000
1838  1.540000
1839  1.500000
1840  1.380000
1841  1.220000
1842  1.000000
1843  0.760000
1844  0.560000
1845  0.360000
1846  0.220000
1847  0.180000
1848  0.240000
1849  0.400000
1850  0.600000
1851  0.880000
1852  1.140000
1853  1.340000
1854  1.480000
1855  1.520000
1856  1.500000
1857  1.420000
1858  1.340000
1859  1.260000
1860  1.200000
1861  1.140000
1862  1.020000
1863  0.820000
1864  0.580000
1865  0.320000
1866  0.100000
1867  0.040000
1868  0.140000
1869  0.400000
1870  0.780000
1871  1.160000
1872  1.440000
1873  1.580000
1874  1.580000
1875  1.460000
1876  1.300000
1877  1.200000
1878  1.180000
1879  1.220000
1880  1.280000
1881  1.260000
1882  1.100000
1883  0.780000
1884  0.400000
1885  0.040000
1886  0.000000
1887  0.000000
1888  0.220000
1889  0.680000
1890  1.160000
1891  1.520000
1892  1.660000
1893  1.580000
1894  1.380000
1895  1.180000
1896  1.060000
1897  1.080000
1898  1.240000
1899  1.420000
1900  1.480000
1901  1.320000
1902  0.960000
1903  0.460000
1904  0.000000
1905  0.000000
1906  0.000000
1907  0.080000
1908  0.600000
1909  1.160000
1910  1.560000
1911  1.680000
1912  1.560000
1913  1.320000
1914  1.060000
1915  0.960000
1916  1.040000
1917  1.300000
1918  1.560000
1919  1.660000
1920  1.520000
1921  1.100000
1922  0.540000
1923  0.000000
1924  0.000000
1925  0.000000
1926  0.000000
1927  0.560000
1928  1.120000
1929  1.540000
1930  1.660000
1931  1.520000
1932  1.240000
1933  0.980000
1934  0.900000
1935  1.040000
1936  1.340000
1937  1.660000
1938  1.800000
1939  1.640000
1940  1.200000
1941  0.600000
1942  0.000000
1943  0.000000
1944  0.000000
1945  0.000000
1946  0.500000
1947  1.060000
1948  1.460000
1949  1.560000
1950  1.420000
1951  1.160000
1952  0.920000
1953  0.880000
1954  1.080000
1955  1.400000
1956  1.720000
1957  1.880000
1958  1.720000
1959  1.280000
1960  0.660000
1961  0.080000
1962  0.000000
1963  0.000000
1964  0.000000
1965  0.460000
1966  0.960000
1967  1.320000
1968  1.420000
1969  1.300000
1970  1.080000
1971  0.920000
1972  0.920000
1973  1.140000
1974  1.460000
1975  1.760000
1976  1.880000
1977  1.720000
1978  1.320000
1979  0.740000
1980  0.200000
1981  0.000000
1982  0.000000
1983  0.000000
1984  0.400000
1985  0.820000
1986  1.120000
1987  1.240000
1988  1.180000
1989  1.040000
1990  0.940000
1991  1.000000
1992  1.200000
1993  1.500000
1994  1.740000
1995  1.820000
1996  1.680000
1997  1.340000
1998  0.840000
1999  0.360000
2000  0.060000
2001  0.000000
2002  0.060000
2003  0.340000
2004  0.640000
2005  0.880000
2006  1.020000
2007  1.040000
2008  1.020000
2009  1.020000
2010  1.120000
2011  1.300000
2012  1.520000
2013  1.680000
2014  1.720000
2015  1.580000
2016  1.320000
2017  0.940000
2018  0.580000
2019  0.300000
2020  0.160000
2021  0.160000
2022  0.280000
2023  0.460000
2024  0.620000
2025  0.800000
2026  0.920000
2027  1.020000
2028  1.120000
2029  1.240000
2030  1.380000
2031  1.520000
2032  1.580000
2033  1.580000
2034  1.500000
2035  1.320000
2036  1.080000
2037  0.820000
2038  0.580000
2039  0.380000
2040  0.240000
2041  0.200000
2042  0.240000
2043  0.380000
2044  0.560000
2045  0.800000
2046  1.020000
2047  1.220000
2048  0.000000
