Nama File =s100_400_500_2k.dat
Time Samplig =0.0005
1  1.220000
2  2.080000
3  0.000000
4  0.000000
5  0.680000
6  0.860000
7  0.280000
8  0.300000
9  1.000000
10  1.320000
11  1.220000
12  1.440000
13  1.680000
14  1.440000
15  1.320000
16  1.760000
17  1.740000
18  0.820000
19  0.320000
20  0.940000
21  1.200000
22  0.280000
23  0.000000
24  0.240000
25  0.940000
26  0.580000
27  0.160000
28  0.640000
29  1.260000
30  1.280000
31  1.280000
32  1.600000
33  1.600000
34  1.320000
35  1.520000
36  1.860000
37  1.320000
38  0.420000
39  0.540000
40  1.200000
41  0.820000
42  0.000000
43  0.000000
44  0.720000
45  0.880000
46  0.280000
47  0.300000
48  1.040000
49  1.360000
50  1.240000
51  1.440000
52  1.680000
53  1.460000
54  1.340000
55  1.740000
56  1.700000
57  0.800000
58  0.320000
59  0.940000
60  1.180000
61  0.260000
62  0.000000
63  0.260000
64  0.940000
65  0.580000
66  0.160000
67  0.660000
68  1.320000
69  1.300000
70  1.280000
71  1.600000
72  1.620000
73  1.320000
74  1.520000
75  1.840000
76  1.280000
77  0.400000
78  0.540000
79  1.200000
80  0.800000
81  0.000000
82  0.000000
83  0.740000
84  0.880000
85  0.260000
86  0.320000
87  1.080000
88  1.400000
89  1.240000
90  1.440000
91  1.680000
92  1.460000
93  1.340000
94  1.720000
95  1.660000
96  0.780000
97  0.320000
98  0.940000
99  1.160000
100  0.220000
101  0.000000
102  0.300000
103  0.980000
104  0.580000
105  0.160000
106  0.700000
107  1.360000
108  1.320000
109  1.280000
110  1.600000
111  1.620000
112  1.340000
113  1.500000
114  1.800000
115  1.240000
116  0.380000
117  0.560000
118  1.180000
119  0.760000
120  0.000000
121  0.000000
122  0.760000
123  0.900000
124  0.260000
125  0.340000
126  1.120000
127  1.420000
128  1.260000
129  1.440000
130  1.680000
131  1.480000
132  1.360000
133  1.700000
134  1.620000
135  0.740000
136  0.320000
137  0.940000
138  1.140000
139  0.200000
140  0.000000
141  0.320000
142  1.000000
143  0.580000
144  0.160000
145  0.720000
146  1.400000
147  1.360000
148  1.280000
149  1.580000
150  1.620000
151  1.360000
152  1.500000
153  1.760000
154  1.200000
155  0.380000
156  0.560000
157  1.180000
158  0.720000
159  0.000000
160  0.000000
161  0.800000
162  0.900000
163  0.260000
164  0.340000
165  1.140000
166  1.460000
167  1.260000
168  1.420000
169  1.680000
170  1.500000
171  1.360000
172  1.680000
173  1.580000
174  0.720000
175  0.320000
176  0.920000
177  1.120000
178  0.180000
179  0.000000
180  0.340000
181  1.020000
182  0.580000
183  0.160000
184  0.740000
185  1.440000
186  1.380000
187  1.280000
188  1.580000
189  1.640000
190  1.360000
191  1.480000
192  1.740000
193  1.180000
194  0.360000
195  0.560000
196  1.160000
197  0.700000
198  0.000000
199  0.000000
200  0.820000
201  0.900000
202  0.260000
203  0.360000
204  1.180000
205  1.500000
206  1.280000
207  1.420000
208  1.680000
209  1.500000
210  1.360000
211  1.660000
212  1.560000
213  0.700000
214  0.320000
215  0.920000
216  1.080000
217  0.140000
218  0.000000
219  0.360000
220  1.040000
221  0.560000
222  0.160000
223  0.780000
224  1.460000
225  1.400000
226  1.280000
227  1.580000
228  1.640000
229  1.380000
230  1.480000
231  1.700000
232  1.140000
233  0.360000
234  0.560000
235  1.160000
236  0.680000
237  0.000000
238  0.000000
239  0.840000
240  0.900000
241  0.240000
242  0.380000
243  1.220000
244  1.520000
245  1.280000
246  1.400000
247  1.680000
248  1.520000
249  1.360000
250  1.640000
251  1.520000
252  0.680000
253  0.320000
254  0.920000
255  1.060000
256  0.100000
257  0.000000
258  0.400000
259  1.060000
260  0.560000
261  0.160000
262  0.800000
263  1.500000
264  1.420000
265  1.280000
266  1.580000
267  1.660000
268  1.380000
269  1.460000
270  1.660000
271  1.100000
272  0.340000
273  0.560000
274  1.140000
275  0.640000
276  0.000000
277  0.000000
278  0.880000
279  0.920000
280  0.240000
281  0.380000
282  1.260000
283  1.560000
284  1.300000
285  1.400000
286  1.680000
287  1.520000
288  1.360000
289  1.600000
290  1.480000
291  0.640000
292  0.320000
293  0.920000
294  1.040000
295  0.080000
296  0.000000
297  0.420000
298  1.060000
299  0.560000
300  0.160000
301  0.840000
302  1.540000
303  1.440000
304  1.260000
305  1.560000
306  1.660000
307  1.380000
308  1.460000
309  1.620000
310  1.080000
311  0.340000
312  0.560000
313  1.120000
314  0.600000
315  0.000000
316  0.000000
317  0.900000
318  0.920000
319  0.240000
320  0.400000
321  1.300000
322  1.580000
323  1.300000
324  1.400000
325  1.680000
326  1.540000
327  1.360000
328  1.580000
329  1.440000
330  0.620000
331  0.320000
332  0.920000
333  1.000000
334  0.060000
335  0.000000
336  0.460000
337  1.080000
338  0.560000
339  0.180000
340  0.880000
341  1.580000
342  1.460000
343  1.260000
344  1.560000
345  1.660000
346  1.400000
347  1.440000
348  1.580000
349  1.040000
350  0.320000
351  0.580000
352  1.100000
353  0.580000
354  0.000000
355  0.000000
356  0.920000
357  0.920000
358  0.240000
359  0.420000
360  1.340000
361  1.600000
362  1.300000
363  1.380000
364  1.680000
365  1.540000
366  1.360000
367  1.560000
368  1.400000
369  0.620000
370  0.320000
371  0.920000
372  0.980000
373  0.020000
374  0.000000
375  0.480000
376  1.100000
377  0.560000
378  0.180000
379  0.900000
380  1.620000
381  1.460000
382  1.260000
383  1.560000
384  1.680000
385  1.400000
386  1.420000
387  1.560000
388  1.020000
389  0.320000
390  0.580000
391  1.080000
392  0.540000
393  0.000000
394  0.000000
395  0.940000
396  0.920000
397  0.240000
398  0.440000
399  1.380000
400  1.640000
401  1.300000
402  1.380000
403  1.680000
404  1.560000
405  1.340000
406  1.520000
407  1.360000
408  0.600000
409  0.340000
410  0.920000
411  0.940000
412  0.000000
413  0.000000
414  0.520000
415  1.120000
416  0.560000
417  0.180000
418  0.940000
419  1.660000
420  1.480000
421  1.240000
422  1.560000
423  1.680000
424  1.400000
425  1.400000
426  1.520000
427  0.980000
428  0.320000
429  0.580000
430  1.080000
431  0.520000
432  0.000000
433  0.000000
434  0.980000
435  0.920000
436  0.240000
437  0.460000
438  1.420000
439  1.660000
440  1.300000
441  1.360000
442  1.700000
443  1.560000
444  1.340000
445  1.500000
446  1.320000
447  0.580000
448  0.340000
449  0.900000
450  0.920000
451  0.000000
452  0.000000
453  0.540000
454  1.120000
455  0.540000
456  0.200000
457  0.980000
458  1.680000
459  1.480000
460  1.240000
461  1.540000
462  1.680000
463  1.420000
464  1.380000
465  1.480000
466  0.960000
467  0.320000
468  0.600000
469  1.040000
470  0.480000
471  0.000000
472  0.020000
473  1.000000
474  0.920000
475  0.240000
476  0.500000
477  1.460000
478  1.680000
479  1.300000
480  1.360000
481  1.700000
482  1.580000
483  1.340000
484  1.460000
485  1.300000
486  0.560000
487  0.340000
488  0.900000
489  0.900000
490  0.000000
491  0.000000
492  0.580000
493  1.140000
494  0.540000
495  0.200000
496  1.000000
497  1.720000
498  1.500000
499  1.240000
500  1.540000
501  1.700000
502  1.420000
503  1.360000
504  1.440000
505  0.920000
506  0.320000
507  0.580000
508  1.020000
509  0.460000
510  0.000000
511  0.040000
512  1.020000
513  0.940000
514  0.240000
515  0.520000
516  1.500000
517  1.700000
518  1.280000
519  1.340000
520  1.700000
521  1.580000
522  1.320000
523  1.440000
524  1.260000
525  0.560000
526  0.360000
527  0.880000
528  0.860000
529  0.000000
530  0.000000
531  0.600000
532  1.160000
533  0.540000
534  0.220000
535  1.040000
536  1.760000
537  1.500000
538  1.220000
539  1.540000
540  1.700000
541  1.420000
542  1.340000
543  1.400000
544  0.900000
545  0.320000
546  0.580000
547  1.000000
548  0.420000
549  0.000000
550  0.080000
551  1.040000
552  0.940000
553  0.240000
554  0.540000
555  1.540000
556  1.720000
557  1.280000
558  1.320000
559  1.700000
560  1.580000
561  1.320000
562  1.400000
563  1.220000
564  0.540000
565  0.360000
566  0.880000
567  0.840000
568  0.000000
569  0.000000
570  0.620000
571  1.160000
572  0.540000
573  0.220000
574  1.080000
575  1.800000
576  1.500000
577  1.200000
578  1.540000
579  1.720000
580  1.420000
581  1.320000
582  1.360000
583  0.880000
584  0.340000
585  0.580000
586  0.980000
587  0.400000
588  0.000000
589  0.100000
590  1.060000
591  0.940000
592  0.240000
593  0.580000
594  1.580000
595  1.760000
596  1.260000
597  1.320000
598  1.700000
599  1.600000
600  1.320000
601  1.360000
602  1.200000
603  0.540000
604  0.360000
605  0.860000
606  0.800000
607  0.000000
608  0.000000
609  0.660000
610  1.180000
611  0.540000
612  0.240000
613  1.120000
614  1.820000
615  1.520000
616  1.200000
617  1.540000
618  1.720000
619  1.420000
620  1.300000
621  1.340000
622  0.860000
623  0.340000
624  0.580000
625  0.960000
626  0.380000
627  0.000000
628  0.140000
629  1.100000
630  0.940000
631  0.240000
632  0.600000
633  1.620000
634  1.760000
635  1.260000
636  1.300000
637  1.700000
638  1.600000
639  1.300000
640  1.340000
641  1.160000
642  0.540000
643  0.360000
644  0.840000
645  0.780000
646  0.000000
647  0.000000
648  0.700000
649  1.180000
650  0.520000
651  0.260000
652  1.160000
653  1.860000
654  1.520000
655  1.180000
656  1.540000
657  1.740000
658  1.420000
659  1.260000
660  1.300000
661  0.860000
662  0.320000
663  0.580000
664  0.940000
665  0.340000
666  0.000000
667  0.160000
668  1.120000
669  0.920000
670  0.240000
671  0.620000
672  1.660000
673  1.780000
674  1.240000
675  1.300000
676  1.720000
677  1.620000
678  1.280000
679  1.300000
680  1.140000
681  0.520000
682  0.360000
683  0.820000
684  0.740000
685  0.000000
686  0.000000
687  0.720000
688  1.200000
689  0.520000
690  0.280000
691  1.200000
692  1.880000
693  1.500000
694  1.160000
695  1.520000
696  1.740000
697  1.420000
698  1.240000
699  1.260000
700  0.840000
701  0.320000
702  0.580000
703  0.900000
704  0.320000
705  0.000000
706  0.200000
707  1.140000
708  0.920000
709  0.240000
710  0.660000
711  1.700000
712  1.800000
713  1.240000
714  1.280000
715  1.720000
716  1.620000
717  1.260000
718  1.260000
719  1.120000
720  0.520000
721  0.360000
722  0.820000
723  0.720000
724  0.000000
725  0.000000
726  0.760000
727  1.200000
728  0.520000
729  0.300000
730  1.240000
731  1.900000
732  1.500000
733  1.140000
734  1.520000
735  1.760000
736  1.420000
737  1.220000
738  1.240000
739  0.820000
740  0.340000
741  0.560000
742  0.880000
743  0.300000
744  0.000000
745  0.220000
746  1.160000
747  0.920000
748  0.240000
749  0.700000
750  1.740000
751  1.800000
752  1.220000
753  1.280000
754  1.740000
755  1.620000
756  1.240000
757  1.220000
758  1.080000
759  0.520000
760  0.360000
761  0.800000
762  0.700000
763  0.000000
764  0.000000
765  0.780000
766  1.200000
767  0.520000
768  0.300000
769  1.280000
770  1.940000
771  1.500000
772  1.140000
773  1.520000
774  1.760000
775  1.400000
776  1.180000
777  1.200000
778  0.800000
779  0.340000
780  0.560000
781  0.860000
782  0.280000
783  0.000000
784  0.260000
785  1.180000
786  0.920000
787  0.260000
788  0.740000
789  1.780000
790  1.820000
791  1.220000
792  1.280000
793  1.740000
794  1.640000
795  1.240000
796  1.200000
797  1.060000
798  0.500000
799  0.360000
800  0.780000
801  0.660000
802  0.000000
803  0.000000
804  0.820000
805  1.220000
806  0.520000
807  0.320000
808  1.320000
809  1.960000
810  1.500000
811  1.120000
812  1.540000
813  1.780000
814  1.400000
815  1.160000
816  1.180000
817  0.780000
818  0.340000
819  0.560000
820  0.840000
821  0.260000
822  0.000000
823  0.280000
824  1.200000
825  0.920000
826  0.260000
827  0.760000
828  1.800000
829  1.820000
830  1.200000
831  1.260000
832  1.760000
833  1.640000
834  1.200000
835  1.160000
836  1.040000
837  0.500000
838  0.360000
839  0.760000
840  0.620000
841  0.000000
842  0.000000
843  0.840000
844  1.220000
845  0.520000
846  0.360000
847  1.360000
848  1.980000
849  1.480000
850  1.100000
851  1.540000
852  1.780000
853  1.400000
854  1.140000
855  1.140000
856  0.780000
857  0.340000
858  0.540000
859  0.800000
860  0.240000
861  0.000000
862  0.320000
863  1.200000
864  0.920000
865  0.260000
866  0.800000
867  1.840000
868  1.820000
869  1.180000
870  1.260000
871  1.760000
872  1.640000
873  1.180000
874  1.120000
875  1.000000
876  0.500000
877  0.360000
878  0.740000
879  0.600000
880  0.000000
881  0.000000
882  0.860000
883  1.220000
884  0.520000
885  0.380000
886  1.400000
887  2.000000
888  1.480000
889  1.100000
890  1.540000
891  1.800000
892  1.380000
893  1.100000
894  1.100000
895  0.760000
896  0.340000
897  0.540000
898  0.780000
899  0.220000
900  0.000000
901  0.360000
902  1.220000
903  0.920000
904  0.280000
905  0.840000
906  1.860000
907  1.820000
908  1.160000
909  1.260000
910  1.780000
911  1.640000
912  1.160000
913  1.100000
914  0.980000
915  0.500000
916  0.360000
917  0.720000
918  0.580000
919  0.000000
920  0.000000
921  0.900000
922  1.220000
923  0.500000
924  0.400000
925  1.440000
926  2.020000
927  1.460000
928  1.080000
929  1.540000
930  1.800000
931  1.380000
932  1.060000
933  1.060000
934  0.740000
935  0.340000
936  0.520000
937  0.760000
938  0.200000
939  0.000000
940  0.380000
941  1.240000
942  0.920000
943  0.280000
944  0.880000
945  1.900000
946  1.840000
947  1.160000
948  1.260000
949  1.780000
950  1.640000
951  1.140000
952  1.060000
953  0.940000
954  0.500000
955  0.360000
956  0.700000
957  0.560000
958  0.000000
959  0.000000
960  0.920000
961  1.220000
962  0.520000
963  0.440000
964  1.480000
965  2.040000
966  1.460000
967  1.080000
968  1.560000
969  1.820000
970  1.360000
971  1.040000
972  1.040000
973  0.740000
974  0.340000
975  0.520000
976  0.740000
977  0.180000
978  0.000000
979  0.420000
980  1.240000
981  0.900000
982  0.300000
983  0.900000
984  1.940000
985  1.840000
986  1.140000
987  1.260000
988  1.800000
989  1.640000
990  1.120000
991  1.020000
992  0.920000
993  0.500000
994  0.340000
995  0.680000
996  0.540000
997  0.000000
998  0.000000
999  0.940000
1000  1.220000
1001  0.500000
1002  0.460000
1003  1.520000
1004  2.060000
1005  1.440000
1006  1.060000
1007  1.560000
1008  1.820000
1009  1.360000
1010  1.000000
1011  1.000000
1012  0.740000
1013  0.340000
1014  0.500000
1015  0.720000
1016  0.180000
1017  0.000000
1018  0.460000
1019  1.260000
1020  0.900000
1021  0.300000
1022  0.940000
1023  1.960000
1024  1.840000
1025  1.120000
1026  1.240000
1027  1.800000
1028  1.640000
1029  1.100000
1030  0.980000
1031  0.920000
1032  0.500000
1033  0.340000
1034  0.660000
1035  0.520000
1036  0.000000
1037  0.000000
1038  0.980000
1039  1.220000
1040  0.520000
1041  0.480000
1042  1.540000
1043  2.060000
1044  1.420000
1045  1.060000
1046  1.560000
1047  1.840000
1048  1.340000
1049  0.960000
1050  0.980000
1051  0.720000
1052  0.340000
1053  0.500000
1054  0.680000
1055  0.180000
1056  0.000000
1057  0.480000
1058  1.260000
1059  0.900000
1060  0.320000
1061  0.980000
1062  2.000000
1063  1.840000
1064  1.100000
1065  1.240000
1066  1.820000
1067  1.640000
1068  1.060000
1069  0.940000
1070  0.900000
1071  0.500000
1072  0.340000
1073  0.640000
1074  0.500000
1075  0.000000
1076  0.040000
1077  1.000000
1078  1.220000
1079  0.520000
1080  0.500000
1081  1.580000
1082  2.080000
1083  1.420000
1084  1.040000
1085  1.580000
1086  1.840000
1087  1.320000
1088  0.920000
1089  0.940000
1090  0.720000
1091  0.340000
1092  0.480000
1093  0.660000
1094  0.160000
1095  0.000000
1096  0.520000
1097  1.280000
1098  0.900000
1099  0.340000
1100  1.020000
1101  2.020000
1102  1.820000
1103  1.080000
1104  1.240000
1105  1.840000
1106  1.640000
1107  1.040000
1108  0.900000
1109  0.880000
1110  0.500000
1111  0.340000
1112  0.620000
1113  0.480000
1114  0.000000
1115  0.060000
1116  1.020000
1117  1.220000
1118  0.520000
1119  0.520000
1120  1.620000
1121  2.100000
1122  1.400000
1123  1.020000
1124  1.580000
1125  1.840000
1126  1.300000
1127  0.880000
1128  0.920000
1129  0.720000
1130  0.340000
1131  0.460000
1132  0.620000
1133  0.160000
1134  0.000000
1135  0.560000
1136  1.300000
1137  0.900000
1138  0.340000
1139  1.060000
1140  2.040000
1141  1.820000
1142  1.080000
1143  1.240000
1144  1.840000
1145  1.620000
1146  1.000000
1147  0.880000
1148  0.860000
1149  0.500000
1150  0.340000
1151  0.600000
1152  0.440000
1153  0.000000
1154  0.100000
1155  1.040000
1156  1.220000
1157  0.500000
1158  0.560000
1159  1.660000
1160  2.100000
1161  1.380000
1162  1.020000
1163  1.600000
1164  1.860000
1165  1.260000
1166  0.860000
1167  0.880000
1168  0.700000
1169  0.340000
1170  0.460000
1171  0.600000
1172  0.160000
1173  0.000000
1174  0.580000
1175  1.300000
1176  0.880000
1177  0.360000
1178  1.100000
1179  2.080000
1180  1.820000
1181  1.060000
1182  1.260000
1183  1.860000
1184  1.620000
1185  0.960000
1186  0.840000
1187  0.860000
1188  0.500000
1189  0.320000
1190  0.580000
1191  0.440000
1192  0.000000
1193  0.140000
1194  1.060000
1195  1.220000
1196  0.500000
1197  0.580000
1198  1.700000
1199  2.120000
1200  1.360000
1201  1.020000
1202  1.600000
1203  1.860000
1204  1.240000
1205  0.820000
1206  0.860000
1207  0.700000
1208  0.340000
1209  0.440000
1210  0.580000
1211  0.160000
1212  0.000000
1213  0.620000
1214  1.320000
1215  0.880000
1216  0.380000
1217  1.140000
1218  2.100000
1219  1.800000
1220  1.040000
1221  1.260000
1222  1.860000
1223  1.600000
1224  0.920000
1225  0.800000
1226  0.840000
1227  0.500000
1228  0.320000
1229  0.560000
1230  0.420000
1231  0.000000
1232  0.160000
1233  1.080000
1234  1.220000
1235  0.520000
1236  0.620000
1237  1.740000
1238  2.120000
1239  1.340000
1240  1.000000
1241  1.620000
1242  1.860000
1243  1.220000
1244  0.780000
1245  0.840000
1246  0.700000
1247  0.340000
1248  0.420000
1249  0.560000
1250  0.160000
1251  0.000000
1252  0.640000
1253  1.320000
1254  0.880000
1255  0.400000
1256  1.180000
1257  2.120000
1258  1.800000
1259  1.020000
1260  1.260000
1261  1.880000
1262  1.580000
1263  0.900000
1264  0.760000
1265  0.820000
1266  0.500000
1267  0.300000
1268  0.540000
1269  0.420000
1270  0.000000
1271  0.200000
1272  1.100000
1273  1.220000
1274  0.520000
1275  0.660000
1276  1.780000
1277  2.120000
1278  1.320000
1279  1.000000
1280  1.640000
1281  1.860000
1282  1.200000
1283  0.740000
1284  0.820000
1285  0.700000
1286  0.340000
1287  0.400000
1288  0.540000
1289  0.160000
1290  0.000000
1291  0.680000
1292  1.320000
1293  0.860000
1294  0.420000
1295  1.220000
1296  2.140000
1297  1.780000
1298  1.000000
1299  1.260000
1300  1.880000
1301  1.580000
1302  0.860000
1303  0.740000
1304  0.820000
1305  0.500000
1306  0.300000
1307  0.520000
1308  0.400000
1309  0.000000
1310  0.240000
1311  1.120000
1312  1.200000
1313  0.520000
1314  0.700000
1315  1.800000
1316  2.120000
1317  1.300000
1318  1.000000
1319  1.640000
1320  1.860000
1321  1.160000
1322  0.700000
1323  0.800000
1324  0.700000
1325  0.340000
1326  0.380000
1327  0.520000
1328  0.160000
1329  0.000000
1330  0.700000
1331  1.320000
1332  0.860000
1333  0.440000
1334  1.260000
1335  2.160000
1336  1.760000
1337  1.000000
1338  1.280000
1339  1.900000
1340  1.560000
1341  0.820000
1342  0.700000
1343  0.820000
1344  0.500000
1345  0.300000
1346  0.500000
1347  0.400000
1348  0.000000
1349  0.260000
1350  1.140000
1351  1.200000
1352  0.520000
1353  0.720000
1354  1.840000
1355  2.120000
1356  1.300000
1357  1.000000
1358  1.660000
1359  1.860000
1360  1.140000
1361  0.660000
1362  0.780000
1363  0.700000
1364  0.340000
1365  0.360000
1366  0.500000
1367  0.160000
1368  0.000000
1369  0.720000
1370  1.320000
1371  0.860000
1372  0.460000
1373  1.300000
1374  2.180000
1375  1.760000
1376  0.980000
1377  1.280000
1378  1.900000
1379  1.540000
1380  0.780000
1381  0.680000
1382  0.800000
1383  0.500000
1384  0.280000
1385  0.480000
1386  0.380000
1387  0.000000
1388  0.300000
1389  1.140000
1390  1.200000
1391  0.540000
1392  0.760000
1393  1.860000
1394  2.120000
1395  1.280000
1396  0.980000
1397  1.660000
1398  1.840000
1399  1.100000
1400  0.620000
1401  0.760000
1402  0.700000
1403  0.320000
1404  0.360000
1405  0.480000
1406  0.180000
1407  0.040000
1408  0.760000
1409  1.320000
1410  0.860000
1411  0.500000
1412  1.340000
1413  2.200000
1414  1.740000
1415  0.960000
1416  1.280000
1417  1.900000
1418  1.520000
1419  0.740000
1420  0.640000
1421  0.800000
1422  0.500000
1423  0.280000
1424  0.460000
1425  0.380000
1426  0.020000
1427  0.320000
1428  1.160000
1429  1.200000
1430  0.560000
1431  0.800000
1432  1.900000
1433  2.120000
1434  1.260000
1435  0.980000
1436  1.680000
1437  1.840000
1438  1.080000
1439  0.580000
1440  0.740000
1441  0.700000
1442  0.320000
1443  0.340000
1444  0.480000
1445  0.180000
1446  0.080000
1447  0.780000
1448  1.320000
1449  0.860000
1450  0.520000
1451  1.380000
1452  2.200000
1453  1.720000
1454  0.940000
1455  1.300000
1456  1.900000
1457  1.500000
1458  0.700000
1459  0.620000
1460  0.800000
1461  0.500000
1462  0.260000
1463  0.440000
1464  0.380000
1465  0.040000
1466  0.360000
1467  1.160000
1468  1.180000
1469  0.560000
1470  0.840000
1471  1.920000
1472  2.120000
1473  1.240000
1474  0.980000
1475  1.680000
1476  1.840000
1477  1.040000
1478  0.540000
1479  0.740000
1480  0.700000
1481  0.320000
1482  0.320000
1483  0.460000
1484  0.200000
1485  0.100000
1486  0.800000
1487  1.320000
1488  0.860000
1489  0.540000
1490  1.420000
1491  2.220000
1492  1.700000
1493  0.940000
1494  1.300000
1495  1.900000
1496  1.480000
1497  0.660000
1498  0.600000
1499  0.800000
1500  0.500000
1501  0.240000
1502  0.420000
1503  0.380000
1504  0.080000
1505  0.380000
1506  1.180000
1507  1.180000
1508  0.580000
1509  0.880000
1510  1.960000
1511  2.100000
1512  1.220000
1513  0.980000
1514  1.700000
1515  1.820000
1516  1.000000
1517  0.500000
1518  0.720000
1519  0.700000
1520  0.320000
1521  0.300000
1522  0.440000
1523  0.200000
1524  0.140000
1525  0.820000
1526  1.320000
1527  0.880000
1528  0.580000
1529  1.460000
1530  2.220000
1531  1.700000
1532  0.920000
1533  1.300000
1534  1.900000
1535  1.460000
1536  0.620000
1537  0.560000
1538  0.800000
1539  0.500000
1540  0.240000
1541  0.400000
1542  0.380000
1543  0.100000
1544  0.420000
1545  1.180000
1546  1.180000
1547  0.600000
1548  0.920000
1549  1.980000
1550  2.100000
1551  1.200000
1552  0.980000
1553  1.700000
1554  1.820000
1555  0.960000
1556  0.480000
1557  0.720000
1558  0.720000
1559  0.300000
1560  0.280000
1561  0.440000
1562  0.220000
1563  0.160000
1564  0.840000
1565  1.320000
1566  0.880000
1567  0.600000
1568  1.480000
1569  2.240000
1570  1.680000
1571  0.900000
1572  1.320000
1573  1.920000
1574  1.420000
1575  0.580000
1576  0.540000
1577  0.800000
1578  0.520000
1579  0.220000
1580  0.380000
1581  0.380000
1582  0.120000
1583  0.440000
1584  1.200000
1585  1.180000
1586  0.600000
1587  0.940000
1588  2.000000
1589  2.100000
1590  1.180000
1591  0.980000
1592  1.720000
1593  1.800000
1594  0.920000
1595  0.440000
1596  0.700000
1597  0.720000
1598  0.300000
1599  0.260000
1600  0.420000
1601  0.240000
1602  0.180000
1603  0.860000
1604  1.320000
1605  0.880000
1606  0.640000
1607  1.520000
1608  2.240000
1609  1.660000
1610  0.900000
1611  1.320000
1612  1.920000
1613  1.400000
1614  0.540000
1615  0.520000
1616  0.800000
1617  0.520000
1618  0.200000
1619  0.360000
1620  0.380000
1621  0.140000
1622  0.460000
1623  1.200000
1624  1.180000
1625  0.620000
1626  1.000000
1627  2.040000
1628  2.080000
1629  1.160000
1630  0.980000
1631  1.720000
1632  1.780000
1633  0.880000
1634  0.400000
1635  0.700000
1636  0.720000
1637  0.300000
1638  0.240000
1639  0.420000
1640  0.260000
1641  0.220000
1642  0.880000
1643  1.340000
1644  0.880000
1645  0.680000
1646  1.560000
1647  2.260000
1648  1.620000
1649  0.880000
1650  1.340000
1651  1.920000
1652  1.380000
1653  0.500000
1654  0.500000
1655  0.800000
1656  0.520000
1657  0.200000
1658  0.340000
1659  0.380000
1660  0.160000
1661  0.500000
1662  1.220000
1663  1.180000
1664  0.640000
1665  1.040000
1666  2.060000
1667  2.060000
1668  1.140000
1669  0.980000
1670  1.740000
1671  1.780000
1672  0.860000
1673  0.380000
1674  0.700000
1675  0.720000
1676  0.300000
1677  0.220000
1678  0.420000
1679  0.260000
1680  0.240000
1681  0.900000
1682  1.320000
1683  0.900000
1684  0.700000
1685  1.600000
1686  2.260000
1687  1.600000
1688  0.860000
1689  1.340000
1690  1.920000
1691  1.340000
1692  0.460000
1693  0.480000
1694  0.800000
1695  0.500000
1696  0.180000
1697  0.320000
1698  0.380000
1699  0.200000
1700  0.520000
1701  1.220000
1702  1.180000
1703  0.680000
1704  1.080000
1705  2.080000
1706  2.060000
1707  1.100000
1708  0.980000
1709  1.740000
1710  1.760000
1711  0.820000
1712  0.340000
1713  0.680000
1714  0.720000
1715  0.280000
1716  0.200000
1717  0.400000
1718  0.280000
1719  0.280000
1720  0.920000
1721  1.340000
1722  0.900000
1723  0.740000
1724  1.640000
1725  2.260000
1726  1.580000
1727  0.860000
1728  1.360000
1729  1.900000
1730  1.300000
1731  0.420000
1732  0.460000
1733  0.800000
1734  0.500000
1735  0.160000
1736  0.300000
1737  0.380000
1738  0.220000
1739  0.560000
1740  1.220000
1741  1.180000
1742  0.700000
1743  1.120000
1744  2.100000
1745  2.040000
1746  1.080000
1747  0.980000
1748  1.740000
1749  1.740000
1750  0.780000
1751  0.320000
1752  0.680000
1753  0.720000
1754  0.280000
1755  0.180000
1756  0.400000
1757  0.300000
1758  0.300000
1759  0.920000
1760  1.340000
1761  0.900000
1762  0.780000
1763  1.660000
1764  2.260000
1765  1.560000
1766  0.840000
1767  1.360000
1768  1.900000
1769  1.260000
1770  0.380000
1771  0.460000
1772  0.800000
1773  0.500000
1774  0.140000
1775  0.300000
1776  0.400000
1777  0.260000
1778  0.580000
1779  1.240000
1780  1.180000
1781  0.720000
1782  1.160000
1783  2.120000
1784  2.020000
1785  1.060000
1786  0.980000
1787  1.760000
1788  1.720000
1789  0.720000
1790  0.280000
1791  0.680000
1792  0.740000
1793  0.260000
1794  0.160000
1795  0.400000
1796  0.320000
1797  0.340000
1798  0.940000
1799  1.340000
1800  0.920000
1801  0.820000
1802  1.700000
1803  2.240000
1804  1.540000
1805  0.840000
1806  1.380000
1807  1.900000
1808  1.240000
1809  0.340000
1810  0.440000
1811  0.820000
1812  0.500000
1813  0.120000
1814  0.280000
1815  0.400000
1816  0.280000
1817  0.600000
1818  1.240000
1819  1.180000
1820  0.740000
1821  1.200000
1822  2.120000
1823  2.000000
1824  1.040000
1825  0.980000
1826  1.760000
1827  1.700000
1828  0.680000
1829  0.260000
1830  0.680000
1831  0.740000
1832  0.260000
1833  0.140000
1834  0.380000
1835  0.360000
1836  0.380000
1837  0.960000
1838  1.340000
1839  0.940000
1840  0.840000
1841  1.720000
1842  2.240000
1843  1.500000
1844  0.820000
1845  1.380000
1846  1.900000
1847  1.200000
1848  0.300000
1849  0.440000
1850  0.820000
1851  0.500000
1852  0.100000
1853  0.260000
1854  0.420000
1855  0.320000
1856  0.620000
1857  1.240000
1858  1.180000
1859  0.780000
1860  1.240000
1861  2.140000
1862  1.980000
1863  1.020000
1864  0.980000
1865  1.760000
1866  1.680000
1867  0.640000
1868  0.240000
1869  0.680000
1870  0.740000
1871  0.240000
1872  0.120000
1873  0.380000
1874  0.380000
1875  0.400000
1876  0.980000
1877  1.340000
1878  0.940000
1879  0.880000
1880  1.740000
1881  2.240000
1882  1.480000
1883  0.820000
1884  1.380000
1885  1.900000
1886  1.160000
1887  0.280000
1888  0.420000
1889  0.820000
1890  0.500000
1891  0.080000
1892  0.240000
1893  0.420000
1894  0.340000
1895  0.660000
1896  1.240000
1897  1.200000
1898  0.800000
1899  1.260000
1900  2.140000
1901  1.960000
1902  1.000000
1903  0.980000
1904  1.760000
1905  1.660000
1906  0.600000
1907  0.220000
1908  0.680000
1909  0.740000
1910  0.220000
1911  0.100000
1912  0.380000
1913  0.400000
1914  0.440000
1915  0.980000
1916  1.340000
1917  0.960000
1918  0.920000
1919  1.760000
1920  2.220000
1921  1.460000
1922  0.820000
1923  1.400000
1924  1.880000
1925  1.140000
1926  0.240000
1927  0.420000
1928  0.840000
1929  0.500000
1930  0.060000
1931  0.240000
1932  0.440000
1933  0.380000
1934  0.680000
1935  1.240000
1936  1.200000
1937  0.840000
1938  1.300000
1939  2.160000
1940  1.940000
1941  0.980000
1942  1.000000
1943  1.760000
1944  1.620000
1945  0.560000
1946  0.200000
1947  0.700000
1948  0.740000
1949  0.200000
1950  0.080000
1951  0.400000
1952  0.440000
1953  0.480000
1954  1.000000
1955  1.340000
1956  0.980000
1957  0.940000
1958  1.800000
1959  2.220000
1960  1.420000
1961  0.800000
1962  1.400000
1963  1.880000
1964  1.100000
1965  0.200000
1966  0.400000
1967  0.840000
1968  0.480000
1969  0.040000
1970  0.220000
1971  0.460000
1972  0.420000
1973  0.700000
1974  1.260000
1975  1.200000
1976  0.860000
1977  1.320000
1978  2.160000
1979  1.900000
1980  0.960000
1981  1.000000
1982  1.780000
1983  1.600000
1984  0.520000
1985  0.180000
1986  0.700000
1987  0.740000
1988  0.180000
1989  0.060000
1990  0.400000
1991  0.480000
1992  0.500000
1993  1.020000
1994  1.340000
1995  1.000000
1996  0.980000
1997  1.800000
1998  2.200000
1999  1.400000
2000  0.800000
2001  1.420000
2002  1.860000
2003  1.060000
2004  0.160000
2005  0.400000
2006  0.840000
2007  0.480000
2008  0.000000
2009  0.220000
2010  0.480000
2011  0.440000
2012  0.720000
2013  1.260000
2014  1.220000
2015  0.880000
2016  1.360000
2017  2.160000
2018  1.880000
2019  0.940000
2020  1.000000
2021  1.780000
2022  1.560000
2023  0.480000
2024  0.160000
2025  0.700000
2026  0.760000
2027  0.160000
2028  0.040000
2029  0.400000
2030  0.500000
2031  0.520000
2032  1.020000
2033  1.340000
2034  1.020000
2035  1.020000
2036  1.840000
2037  2.200000
2038  1.380000
2039  0.800000
2040  1.420000
2041  1.840000
2042  1.000000
2043  0.140000
2044  0.400000
2045  0.860000
2046  0.460000
2047  0.000000
2048  0.000000
