Nama File =s500_510_530_2k.dat
Time Samplig =0.0005
1  2.080000
2  0.300000
3  0.560000
4  1.240000
5  1.260000
6  0.620000
7  0.720000
8  1.240000
9  1.100000
10  0.680000
11  0.840000
12  1.140000
13  0.980000
14  0.780000
15  0.880000
16  1.000000
17  0.980000
18  0.920000
19  0.860000
20  0.900000
21  1.080000
22  1.040000
23  0.740000
24  0.820000
25  1.220000
26  1.060000
27  0.580000
28  0.860000
29  1.420000
30  0.960000
31  0.380000
32  0.980000
33  1.540000
34  0.760000
35  0.240000
36  1.220000
37  1.620000
38  0.520000
39  0.260000
40  1.520000
41  1.580000
42  0.240000
43  0.380000
44  1.780000
45  1.400000
46  0.000000
47  0.600000
48  1.960000
49  1.120000
50  0.000000
51  0.900000
52  2.020000
53  0.780000
54  0.000000
55  1.240000
56  1.980000
57  0.480000
58  0.000000
59  1.560000
60  1.820000
61  0.220000
62  0.160000
63  1.760000
64  1.580000
65  0.060000
66  0.420000
67  1.860000
68  1.340000
69  0.000000
70  0.660000
71  1.860000
72  1.080000
73  0.000000
74  0.860000
75  1.820000
76  0.920000
77  0.100000
78  1.040000
79  1.740000
80  0.800000
81  0.180000
82  1.120000
83  1.660000
84  0.740000
85  0.240000
86  1.160000
87  1.640000
88  0.700000
89  0.240000
90  1.200000
91  1.620000
92  0.600000
93  0.220000
94  1.300000
95  1.660000
96  0.480000
97  0.220000
98  1.480000
99  1.660000
100  0.300000
101  0.260000
102  1.680000
103  1.580000
104  0.100000
105  0.360000
106  1.900000
107  1.420000
108  0.000000
109  0.560000
110  2.060000
111  1.140000
112  0.000000
113  0.860000
114  2.180000
115  0.820000
116  0.000000
117  1.240000
118  2.160000
119  0.460000
120  0.000000
121  1.580000
122  2.000000
123  0.140000
124  0.020000
125  1.860000
126  1.720000
127  0.000000
128  0.300000
129  2.020000
130  1.360000
131  0.000000
132  0.660000
133  2.060000
134  1.040000
135  0.000000
136  1.020000
137  1.960000
138  0.720000
139  0.020000
140  1.260000
141  1.760000
142  0.520000
143  0.240000
144  1.400000
145  1.540000
146  0.440000
147  0.460000
148  1.420000
149  1.300000
150  0.440000
151  0.620000
152  1.360000
153  1.160000
154  0.560000
155  0.760000
156  1.260000
157  1.100000
158  0.660000
159  0.780000
160  1.180000
161  1.120000
162  0.740000
163  0.740000
164  1.120000
165  1.180000
166  0.740000
167  0.660000
168  1.140000
169  1.220000
170  0.660000
171  0.620000
172  1.240000
173  1.260000
174  0.580000
175  0.640000
176  1.360000
177  1.220000
178  0.460000
179  0.720000
180  1.480000
181  1.100000
182  0.360000
183  0.860000
184  1.540000
185  0.940000
186  0.320000
187  1.020000
188  1.500000
189  0.760000
190  0.380000
191  1.160000
192  1.420000
193  0.640000
194  0.540000
195  1.260000
196  1.280000
197  0.580000
198  0.700000
199  1.280000
200  1.120000
201  0.620000
202  0.820000
203  1.220000
204  1.020000
205  0.700000
206  0.880000
207  1.080000
208  0.960000
209  0.820000
210  0.860000
211  0.980000
212  1.040000
213  0.940000
214  0.780000
215  0.920000
216  1.180000
217  0.980000
218  0.620000
219  0.920000
220  1.340000
221  0.900000
222  0.480000
223  1.060000
224  1.480000
225  0.720000
226  0.340000
227  1.240000
228  1.520000
229  0.480000
230  0.340000
231  1.520000
232  1.480000
233  0.240000
234  0.460000
235  1.780000
236  1.320000
237  0.000000
238  0.700000
239  1.960000
240  1.040000
241  0.000000
242  1.020000
243  2.020000
244  0.680000
245  0.000000
246  1.340000
247  1.960000
248  0.360000
249  0.000000
250  1.640000
251  1.780000
252  0.120000
253  0.220000
254  1.860000
255  1.520000
256  0.000000
257  0.500000
258  1.960000
259  1.240000
260  4.800000
261  0.800000
262  1.960000
263  0.940000
264  0.000000
265  1.000000
266  1.860000
267  0.740000
268  0.040000
269  1.180000
270  1.760000
271  0.640000
272  0.180000
273  1.280000
274  1.640000
275  0.560000
276  0.280000
277  1.340000
278  1.560000
279  0.520000
280  0.340000
281  1.380000
282  1.520000
283  0.460000
284  0.340000
285  1.440000
286  1.500000
287  0.360000
288  0.360000
289  1.560000
290  1.500000
291  0.240000
292  0.420000
293  1.720000
294  1.420000
295  0.080000
296  0.540000
297  1.900000
298  1.260000
299  4.800000
300  0.740000
301  2.060000
302  1.000000
303  0.000000
304  1.000000
305  2.100000
306  0.680000
307  0.000000
308  1.340000
309  2.080000
310  0.360000
311  0.000000
312  1.680000
313  1.900000
314  0.060000
315  0.100000
316  1.940000
317  1.640000
318  0.000000
319  0.420000
320  2.100000
321  1.260000
322  4.800000
323  0.780000
324  2.100000
325  0.900000
326  0.000000
327  1.120000
328  2.000000
329  0.600000
330  0.000000
331  1.380000
332  1.780000
333  0.400000
334  0.240000
335  1.540000
336  1.520000
337  0.320000
338  0.500000
339  1.560000
340  1.260000
341  0.340000
342  0.680000
343  1.460000
344  1.060000
345  0.440000
346  0.840000
347  1.360000
348  1.000000
349  0.600000
350  0.880000
351  1.240000
352  1.020000
353  0.700000
354  0.840000
355  1.160000
356  1.080000
357  0.740000
358  0.780000
359  1.160000
360  1.120000
361  0.680000
362  0.700000
363  1.220000
364  1.160000
365  0.580000
366  0.700000
367  1.340000
368  1.160000
369  0.500000
370  0.760000
371  1.440000
372  1.060000
373  0.400000
374  0.900000
375  1.520000
376  0.920000
377  0.360000
378  1.060000
379  1.500000
380  0.740000
381  0.380000
382  1.180000
383  1.400000
384  0.600000
385  0.520000
386  1.300000
387  1.280000
388  0.560000
389  0.680000
390  1.340000
391  1.140000
392  0.560000
393  0.820000
394  1.280000
395  1.020000
396  0.640000
397  0.900000
398  1.180000
399  0.940000
400  0.740000
401  0.900000
402  1.040000
403  0.980000
404  0.860000
405  0.840000
406  0.980000
407  1.120000
408  0.900000
409  0.700000
410  1.000000
411  1.260000
412  0.860000
413  0.560000
414  1.100000
415  1.380000
416  0.700000
417  0.460000
418  1.260000
419  1.420000
420  0.460000
421  0.420000
422  1.520000
423  1.380000
424  0.240000
425  0.560000
426  1.760000
427  1.220000
428  0.020000
429  0.800000
430  1.940000
431  0.940000
432  0.000000
433  1.100000
434  2.000000
435  0.600000
436  0.000000
437  1.440000
438  1.900000
439  0.260000
440  0.020000
441  1.720000
442  1.720000
443  0.020000
444  0.300000
445  1.960000
446  1.440000
447  0.000000
448  0.600000
449  2.060000
450  1.140000
451  0.000000
452  0.900000
453  2.040000
454  0.840000
455  0.000000
456  1.160000
457  1.900000
458  0.580000
459  0.000000
460  1.340000
461  1.740000
462  0.460000
463  0.200000
464  1.460000
465  1.600000
466  0.400000
467  0.340000
468  1.500000
469  1.480000
470  0.380000
471  0.440000
472  1.520000
473  1.400000
474  0.340000
475  0.500000
476  1.540000
477  1.340000
478  0.280000
479  0.520000
480  1.600000
481  1.320000
482  0.200000
483  0.600000
484  1.740000
485  1.240000
486  0.080000
487  0.700000
488  1.880000
489  1.100000
490  0.000000
491  0.880000
492  2.000000
493  0.880000
494  0.000000
495  1.140000
496  2.020000
497  0.560000
498  0.000000
499  1.440000
500  1.960000
501  0.260000
502  0.000000
503  1.760000
504  1.820000
505  0.000000
506  0.200000
507  2.000000
508  1.520000
509  0.000000
510  0.540000
511  2.140000
512  1.180000
513  0.000000
514  0.900000
515  2.120000
516  0.780000
517  0.000000
518  1.220000
519  1.980000
520  0.480000
521  0.000000
522  1.500000
523  1.780000
524  0.300000
525  0.260000
526  1.640000
527  1.500000
528  0.220000
529  0.540000
530  1.660000
531  1.220000
532  0.260000
533  0.780000
534  1.560000
535  0.980000
536  0.360000
537  0.900000
538  1.420000
539  0.900000
540  0.520000
541  0.980000
542  1.280000
543  0.900000
544  0.660000
545  0.960000
546  1.180000
547  0.960000
548  0.740000
549  0.880000
550  1.160000
551  1.040000
552  0.720000
553  0.800000
554  1.180000
555  1.080000
556  0.620000
557  0.760000
558  1.280000
559  1.100000
560  0.540000
561  0.800000
562  1.420000
563  1.040000
564  0.420000
565  0.920000
566  1.480000
567  0.900000
568  0.400000
569  1.080000
570  1.500000
571  0.740000
572  0.420000
573  1.200000
574  1.400000
575  0.560000
576  0.500000
577  1.320000
578  1.280000
579  0.520000
580  0.680000
581  1.380000
582  1.140000
583  0.500000
584  0.820000
585  1.340000
586  1.000000
587  0.580000
588  0.920000
589  1.240000
590  0.940000
591  0.680000
592  0.940000
593  1.120000
594  0.920000
595  0.780000
596  0.880000
597  1.040000
598  1.040000
599  0.840000
600  0.780000
601  1.040000
602  1.180000
603  0.820000
604  0.660000
605  1.120000
606  1.280000
607  0.680000
608  0.560000
609  1.300000
610  1.340000
611  0.480000
612  0.520000
613  1.500000
614  1.260000
615  0.240000
616  0.640000
617  1.720000
618  1.120000
619  0.060000
620  0.880000
621  1.880000
622  0.860000
623  0.000000
624  1.200000
625  1.940000
626  0.520000
627  0.000000
628  1.520000
629  1.860000
630  0.200000
631  0.100000
632  1.800000
633  1.640000
634  0.000000
635  0.360000
636  2.020000
637  1.360000
638  0.000000
639  0.700000
640  2.120000
641  1.020000
642  0.000000
643  1.040000
644  2.080000
645  0.700000
646  0.000000
647  1.320000
648  1.940000
649  0.440000
650  0.020000
651  1.500000
652  1.720000
653  0.280000
654  0.220000
655  1.600000
656  1.540000
657  0.240000
658  0.420000
659  1.660000
660  1.380000
661  0.240000
662  0.580000
663  1.640000
664  1.260000
665  0.240000
666  0.660000
667  1.640000
668  1.200000
669  0.220000
670  0.700000
671  1.640000
672  1.120000
673  0.160000
674  0.760000
675  1.740000
676  1.060000
677  0.100000
678  0.880000
679  1.840000
680  0.940000
681  0.020000
682  1.040000
683  1.900000
684  0.740000
685  0.000000
686  1.260000
687  1.940000
688  0.480000
689  0.000000
690  1.520000
691  1.840000
692  0.180000
693  0.060000
694  1.800000
695  1.680000
696  0.000000
697  0.320000
698  2.040000
699  1.400000
700  0.000000
701  0.640000
702  2.160000
703  1.060000
704  0.000000
705  1.020000
706  2.140000
707  0.700000
708  0.000000
709  1.340000
710  1.980000
711  0.360000
712  0.000000
713  1.600000
714  1.740000
715  0.180000
716  0.300000
717  1.760000
718  1.440000
719  0.120000
720  0.600000
721  1.760000
722  1.160000
723  0.160000
724  0.860000
725  1.660000
726  0.920000
727  0.280000
728  1.000000
729  1.480000
730  0.780000
731  0.460000
732  1.080000
733  1.320000
734  0.780000
735  0.620000
736  1.080000
737  1.200000
738  0.860000
739  0.740000
740  0.980000
741  1.140000
742  0.940000
743  0.740000
744  0.900000
745  1.160000
746  1.020000
747  0.660000
748  0.820000
749  1.240000
750  1.040000
751  0.560000
752  0.840000
753  1.360000
754  1.000000
755  0.480000
756  0.940000
757  1.440000
758  0.880000
759  0.420000
760  1.080000
761  1.460000
762  0.720000
763  0.440000
764  1.240000
765  1.400000
766  0.560000
767  0.500000
768  1.340000
769  1.260000
770  0.460000
771  0.660000
772  1.420000
773  1.140000
774  0.460000
775  0.820000
776  1.400000
777  1.000000
778  0.520000
779  0.940000
780  1.320000
781  0.900000
782  0.620000
783  1.000000
784  1.220000
785  0.880000
786  0.700000
787  0.940000
788  1.100000
789  0.940000
790  0.780000
791  0.860000
792  1.100000
793  1.080000
794  0.780000
795  0.760000
796  1.160000
797  1.180000
798  0.680000
799  0.660000
800  1.300000
801  1.220000
802  0.500000
803  0.660000
804  1.480000
805  1.160000
806  0.260000
807  0.740000
808  1.660000
809  1.000000
810  0.100000
811  0.980000
812  1.820000
813  0.760000
814  0.020000
815  1.260000
816  1.860000
817  0.460000
818  0.040000
819  1.580000
820  1.780000
821  0.140000
822  0.200000
823  1.880000
824  1.540000
825  0.000000
826  0.460000
827  2.060000
828  1.220000
829  4.480000
830  0.820000
831  2.160000
832  0.900000
833  0.000000
834  1.160000
835  2.100000
836  0.560000
837  0.000000
838  1.460000
839  1.920000
840  0.300000
841  0.060000
842  1.660000
843  1.680000
844  0.120000
845  0.280000
846  1.760000
847  1.440000
848  0.080000
849  0.520000
850  1.780000
851  1.240000
852  0.120000
853  0.720000
854  1.760000
855  1.100000
856  0.160000
857  0.840000
858  1.700000
859  1.020000
860  0.180000
861  0.900000
862  1.680000
863  0.940000
864  0.160000
865  0.940000
866  1.700000
867  0.880000
868  0.140000
869  1.040000
870  1.760000
871  0.780000
872  0.100000
873  1.180000
874  1.800000
875  0.600000
876  0.080000
877  1.380000
878  1.800000
879  0.380000
880  0.100000
881  1.620000
882  1.720000
883  0.100000
884  0.200000
885  1.840000
886  1.540000
887  0.000000
888  0.440000
889  2.060000
890  1.280000
891  0.000000
892  0.780000
893  2.160000
894  0.940000
895  0.000000
896  1.120000
897  2.120000
898  0.580000
899  0.000000
900  1.460000
901  1.960000
902  0.260000
903  0.020000
904  1.700000
905  1.680000
906  0.060000
907  0.340000
908  1.840000
909  1.380000
910  0.020000
911  0.660000
912  1.840000
913  1.080000
914  0.080000
915  0.940000
916  1.720000
917  0.840000
918  0.240000
919  1.140000
920  1.540000
921  0.680000
922  0.420000
923  1.180000
924  1.320000
925  0.640000
926  0.600000
927  1.180000
928  1.180000
929  0.740000
930  0.740000
931  1.100000
932  1.100000
933  0.860000
934  0.780000
935  0.980000
936  1.120000
937  0.940000
938  0.740000
939  0.900000
940  1.180000
941  0.980000
942  0.620000
943  0.880000
944  1.280000
945  0.940000
946  0.540000
947  0.960000
948  1.380000
949  0.860000
950  0.460000
951  1.100000
952  1.420000
953  0.720000
954  0.460000
955  1.240000
956  1.380000
957  0.560000
958  0.540000
959  1.360000
960  1.260000
961  0.420000
962  0.660000
963  1.420000
964  1.100000
965  0.420000
966  0.840000
967  1.440000
968  0.980000
969  0.460000
970  0.960000
971  1.380000
972  0.880000
973  0.560000
974  1.040000
975  1.280000
976  0.840000
977  0.660000
978  1.020000
979  1.160000
980  0.860000
981  0.720000
982  0.940000
983  1.120000
984  0.960000
985  0.760000
986  0.860000
987  1.160000
988  1.080000
989  0.680000
990  0.780000
991  1.260000
992  1.120000
993  0.520000
994  0.780000
995  1.440000
996  1.080000
997  0.340000
998  0.840000
999  1.600000
1000  0.920000
1001  0.160000
1002  1.040000
1003  1.740000
1004  0.680000
1005  0.100000
1006  1.340000
1007  1.780000
1008  0.400000
1009  0.120000
1010  1.640000
1011  1.680000
1012  0.100000
1013  0.300000
1014  1.920000
1015  1.460000
1016  0.000000
1017  0.580000
1018  2.080000
1019  1.120000
1020  0.000000
1021  0.920000
1022  2.140000
1023  0.760000
1024  0.000000
1025  1.280000
1026  2.080000
1027  0.440000
1028  0.000000
1029  1.580000
1030  1.900000
1031  0.180000
1032  0.120000
1033  1.800000
1034  1.640000
1035  0.020000
1036  0.380000
1037  1.880000
1038  1.340000
1039  0.000000
1040  0.620000
1041  1.880000
1042  1.100000
1043  0.000000
1044  0.860000
1045  1.840000
1046  0.940000
1047  0.080000
1048  1.000000
1049  1.760000
1050  0.840000
1051  0.160000
1052  1.100000
1053  1.680000
1054  0.760000
1055  0.220000
1056  1.140000
1057  1.640000
1058  0.700000
1059  0.200000
1060  1.180000
1061  1.660000
1062  0.620000
1063  0.220000
1064  1.300000
1065  1.680000
1066  0.500000
1067  0.200000
1068  1.480000
1069  1.660000
1070  0.300000
1071  0.240000
1072  1.680000
1073  1.580000
1074  0.100000
1075  0.360000
1076  1.860000
1077  1.380000
1078  0.000000
1079  0.560000
1080  2.040000
1081  1.140000
1082  0.000000
1083  0.900000
1084  2.120000
1085  0.820000
1086  0.000000
1087  1.240000
1088  2.080000
1089  0.480000
1090  0.000000
1091  1.560000
1092  1.900000
1093  0.200000
1094  0.100000
1095  1.780000
1096  1.620000
1097  0.000000
1098  0.400000
1099  1.900000
1100  1.300000
1101  0.000000
1102  0.740000
1103  1.900000
1104  0.980000
1105  0.020000
1106  1.040000
1107  1.780000
1108  0.740000
1109  0.200000
1110  1.240000
1111  1.580000
1112  0.600000
1113  0.420000
1114  1.300000
1115  1.340000
1116  0.540000
1117  0.600000
1118  1.260000
1119  1.160000
1120  0.620000
1121  0.780000
1122  1.200000
1123  1.080000
1124  0.760000
1125  0.820000
1126  1.060000
1127  1.060000
1128  0.880000
1129  0.800000
1130  0.960000
1131  1.120000
1132  0.940000
1133  0.700000
1134  0.920000
1135  1.220000
1136  0.920000
1137  0.580000
1138  0.960000
1139  1.320000
1140  0.860000
1141  0.520000
1142  1.100000
1143  1.380000
1144  0.720000
1145  0.500000
1146  1.240000
1147  1.360000
1148  0.560000
1149  0.560000
1150  1.380000
1151  1.260000
1152  0.440000
1153  0.680000
1154  1.460000
1155  1.100000
1156  0.360000
1157  0.840000
1158  1.480000
1159  0.960000
1160  0.420000
1161  1.000000
1162  1.440000
1163  0.840000
1164  0.520000
1165  1.080000
1166  1.320000
1167  0.780000
1168  0.620000
1169  1.100000
1170  1.220000
1171  0.800000
1172  0.700000
1173  1.040000
1174  1.140000
1175  0.860000
1176  0.720000
1177  0.940000
1178  1.160000
1179  0.960000
1180  0.700000
1181  0.900000
1182  1.240000
1183  1.000000
1184  0.580000
1185  0.880000
1186  1.380000
1187  0.980000
1188  0.420000
1189  0.940000
1190  1.540000
1191  0.840000
1192  0.240000
1193  1.120000
1194  1.640000
1195  0.600000
1196  0.180000
1197  1.380000
1198  1.680000
1199  0.340000
1200  0.240000
1201  1.680000
1202  1.580000
1203  0.080000
1204  0.400000
1205  1.940000
1206  1.340000
1207  0.000000
1208  0.700000
1209  2.100000
1210  1.020000
1211  0.000000
1212  1.020000
1213  2.140000
1214  0.640000
1215  0.000000
1216  1.400000
1217  2.060000
1218  0.320000
1219  0.000000
1220  1.720000
1221  1.840000
1222  0.040000
1223  0.180000
1224  1.920000
1225  1.560000
1226  0.000000
1227  0.480000
1228  2.020000
1229  1.240000
1230  4.800000
1231  0.760000
1232  1.980000
1233  0.940000
1234  0.000000
1235  1.000000
1236  1.900000
1237  0.780000
1238  0.040000
1239  1.180000
1240  1.780000
1241  0.660000
1242  0.160000
1243  1.260000
1244  1.660000
1245  0.580000
1246  0.260000
1247  1.320000
1248  1.580000
1249  0.540000
1250  0.300000
1251  1.340000
1252  1.540000
1253  0.460000
1254  0.320000
1255  1.420000
1256  1.540000
1257  0.400000
1258  0.360000
1259  1.560000
1260  1.520000
1261  0.260000
1262  0.420000
1263  1.720000
1264  1.420000
1265  0.080000
1266  0.540000
1267  1.880000
1268  1.260000
1269  0.000000
1270  0.720000
1271  2.000000
1272  1.000000
1273  0.000000
1274  1.000000
1275  2.080000
1276  0.720000
1277  0.000000
1278  1.340000
1279  2.020000
1280  0.400000
1281  0.000000
1282  1.640000
1283  1.840000
1284  0.120000
1285  0.180000
1286  1.860000
1287  1.560000
1288  0.000000
1289  0.480000
1290  1.960000
1291  1.200000
1292  0.000000
1293  0.820000
1294  1.960000
1295  0.900000
1296  0.000000
1297  1.120000
1298  1.820000
1299  0.620000
1300  0.160000
1301  1.340000
1302  1.600000
1303  0.480000
1304  0.400000
1305  1.440000
1306  1.360000
1307  0.440000
1308  0.620000
1309  1.380000
1310  1.140000
1311  0.500000
1312  0.780000
1313  1.280000
1314  1.020000
1315  0.660000
1316  0.880000
1317  1.140000
1318  1.000000
1319  0.800000
1320  0.880000
1321  1.020000
1322  1.060000
1323  0.900000
1324  0.780000
1325  0.960000
1326  1.160000
1327  0.900000
1328  0.660000
1329  0.980000
1330  1.240000
1331  0.820000
1332  0.560000
1333  1.100000
1334  1.340000
1335  0.720000
1336  0.540000
1337  1.240000
1338  1.320000
1339  0.560000
1340  0.600000
1341  1.380000
1342  1.240000
1343  0.440000
1344  0.720000
1345  1.480000
1346  1.080000
1347  0.340000
1348  0.860000
1349  1.500000
1350  0.900000
1351  0.360000
1352  1.020000
1353  1.460000
1354  0.800000
1355  0.480000
1356  1.140000
1357  1.360000
1358  0.720000
1359  0.580000
1360  1.180000
1361  1.240000
1362  0.720000
1363  0.680000
1364  1.140000
1365  1.160000
1366  0.760000
1367  0.720000
1368  1.060000
1369  1.140000
1370  0.840000
1371  0.700000
1372  1.000000
1373  1.200000
1374  0.900000
1375  0.620000
1376  0.980000
1377  1.320000
1378  0.880000
1379  0.500000
1380  1.040000
1381  1.460000
1382  0.780000
1383  0.380000
1384  1.200000
1385  1.540000
1386  0.560000
1387  0.280000
1388  1.420000
1389  1.540000
1390  0.300000
1391  0.360000
1392  1.700000
1393  1.460000
1394  0.060000
1395  0.520000
1396  1.920000
1397  1.240000
1398  4.800000
1399  0.800000
1400  2.080000
1401  0.920000
1402  0.000000
1403  1.160000
1404  2.100000
1405  0.520000
1406  0.000000
1407  1.500000
1408  2.000000
1409  0.180000
1410  0.000000
1411  1.820000
1412  1.780000
1413  0.000000
1414  0.260000
1415  2.020000
1416  1.460000
1417  0.000000
1418  0.580000
1419  2.100000
1420  1.140000
1421  0.000000
1422  0.920000
1423  2.060000
1424  0.800000
1425  0.000000
1426  1.160000
1427  1.920000
1428  0.580000
1429  0.000000
1430  1.360000
1431  1.780000
1432  0.480000
1433  0.200000
1434  1.460000
1435  1.620000
1436  0.420000
1437  0.340000
1438  1.480000
1439  1.500000
1440  0.380000
1441  0.440000
1442  1.500000
1443  1.400000
1444  0.340000
1445  0.480000
1446  1.520000
1447  1.360000
1448  0.300000
1449  0.520000
1450  1.600000
1451  1.340000
1452  0.220000
1453  0.580000
1454  1.720000
1455  1.260000
1456  0.100000
1457  0.700000
1458  1.860000
1459  1.100000
1460  0.000000
1461  0.880000
1462  1.960000
1463  0.860000
1464  0.000000
1465  1.120000
1466  1.980000
1467  0.580000
1468  0.000000
1469  1.420000
1470  1.920000
1471  0.300000
1472  0.040000
1473  1.700000
1474  1.740000
1475  0.060000
1476  0.260000
1477  1.920000
1478  1.460000
1479  0.000000
1480  0.580000
1481  2.020000
1482  1.120000
1483  0.000000
1484  0.900000
1485  1.980000
1486  0.780000
1487  0.000000
1488  1.220000
1489  1.840000
1490  0.540000
1491  0.160000
1492  1.440000
1493  1.620000
1494  0.380000
1495  0.420000
1496  1.520000
1497  1.360000
1498  0.360000
1499  0.660000
1500  1.500000
1501  1.100000
1502  0.400000
1503  0.840000
1504  1.360000
1505  0.940000
1506  0.560000
1507  0.940000
1508  1.220000
1509  0.920000
1510  0.740000
1511  0.940000
1512  1.080000
1513  0.960000
1514  0.860000
1515  0.880000
1516  1.000000
1517  1.080000
1518  0.900000
1519  0.740000
1520  1.000000
1521  1.180000
1522  0.820000
1523  0.620000
1524  1.080000
1525  1.260000
1526  0.720000
1527  0.600000
1528  1.240000
1529  1.280000
1530  0.580000
1531  0.620000
1532  1.380000
1533  1.220000
1534  0.440000
1535  0.740000
1536  1.500000
1537  1.080000
1538  0.360000
1539  0.880000
1540  1.520000
1541  0.880000
1542  0.340000
1543  1.040000
1544  1.480000
1545  0.740000
1546  0.440000
1547  1.180000
1548  1.400000
1549  0.660000
1550  0.560000
1551  1.240000
1552  1.260000
1553  0.620000
1554  0.680000
1555  1.240000
1556  1.180000
1557  0.680000
1558  0.740000
1559  1.160000
1560  1.100000
1561  0.720000
1562  0.740000
1563  1.100000
1564  1.140000
1565  0.800000
1566  0.700000
1567  1.080000
1568  1.240000
1569  0.800000
1570  0.580000
1571  1.120000
1572  1.360000
1573  0.720000
1574  0.480000
1575  1.260000
1576  1.440000
1577  0.540000
1578  0.420000
1579  1.440000
1580  1.420000
1581  0.280000
1582  0.460000
1583  1.680000
1584  1.340000
1585  0.080000
1586  0.640000
1587  1.900000
1588  1.120000
1589  0.000000
1590  0.920000
1591  2.040000
1592  0.800000
1593  0.000000
1594  1.260000
1595  2.060000
1596  0.440000
1597  0.000000
1598  1.580000
1599  1.920000
1600  0.100000
1601  0.040000
1602  1.900000
1603  1.680000
1604  0.000000
1605  0.360000
1606  2.100000
1607  1.360000
1608  0.000000
1609  0.700000
1610  2.180000
1611  1.000000
1612  0.000000
1613  1.040000
1614  2.120000
1615  0.680000
1616  0.000000
1617  1.320000
1618  1.940000
1619  0.420000
1620  0.000000
1621  1.500000
1622  1.740000
1623  0.300000
1624  0.240000
1625  1.620000
1626  1.560000
1627  0.260000
1628  0.420000
1629  1.640000
1630  1.380000
1631  0.240000
1632  0.560000
1633  1.620000
1634  1.260000
1635  0.260000
1636  0.620000
1637  1.600000
1638  1.200000
1639  0.220000
1640  0.680000
1641  1.640000
1642  1.160000
1643  0.200000
1644  0.760000
1645  1.720000
1646  1.080000
1647  0.120000
1648  0.860000
1649  1.820000
1650  0.960000
1651  0.040000
1652  1.020000
1653  1.880000
1654  0.760000
1655  0.000000
1656  1.220000
1657  1.880000
1658  0.480000
1659  0.000000
1660  1.500000
1661  1.820000
1662  0.240000
1663  0.140000
1664  1.760000
1665  1.640000
1666  0.020000
1667  0.360000
1668  1.960000
1669  1.380000
1670  0.000000
1671  0.680000
1672  2.040000
1673  1.040000
1674  0.000000
1675  1.000000
1676  2.000000
1677  0.680000
1678  0.000000
1679  1.300000
1680  1.840000
1681  0.440000
1682  0.160000
1683  1.540000
1684  1.600000
1685  0.280000
1686  0.420000
1687  1.620000
1688  1.320000
1689  0.260000
1690  0.700000
1691  1.580000
1692  1.060000
1693  0.360000
1694  0.900000
1695  1.440000
1696  0.880000
1697  0.480000
1698  1.000000
1699  1.260000
1700  0.820000
1701  0.680000
1702  1.040000
1703  1.120000
1704  0.880000
1705  0.820000
1706  0.940000
1707  1.020000
1708  1.000000
1709  0.880000
1710  0.840000
1711  1.000000
1712  1.120000
1713  0.840000
1714  0.700000
1715  1.060000
1716  1.200000
1717  0.720000
1718  0.620000
1719  1.200000
1720  1.240000
1721  0.600000
1722  0.660000
1723  1.360000
1724  1.180000
1725  0.460000
1726  0.760000
1727  1.480000
1728  1.040000
1729  0.360000
1730  0.920000
1731  1.540000
1732  0.880000
1733  0.340000
1734  1.060000
1735  1.480000
1736  0.680000
1737  0.400000
1738  1.220000
1739  1.420000
1740  0.600000
1741  0.540000
1742  1.320000
1743  1.280000
1744  0.560000
1745  0.660000
1746  1.320000
1747  1.160000
1748  0.580000
1749  0.760000
1750  1.280000
1751  1.100000
1752  0.620000
1753  0.780000
1754  1.200000
1755  1.080000
1756  0.680000
1757  0.760000
1758  1.160000
1759  1.160000
1760  0.720000
1761  0.700000
1762  1.200000
1763  1.240000
1764  0.660000
1765  0.600000
1766  1.280000
1767  1.320000
1768  0.520000
1769  0.560000
1770  1.460000
1771  1.300000
1772  0.300000
1773  0.580000
1774  1.640000
1775  1.200000
1776  0.080000
1777  0.740000
1778  1.860000
1779  1.000000
1780  0.000000
1781  1.020000
1782  1.980000
1783  0.700000
1784  0.000000
1785  1.340000
1786  1.980000
1787  0.360000
1788  0.000000
1789  1.680000
1790  1.840000
1791  0.020000
1792  0.120000
1793  1.960000
1794  1.580000
1795  0.000000
1796  0.440000
1797  2.160000
1798  1.260000
1799  4.800000
1800  0.820000
1801  2.220000
1802  0.880000
1803  0.000000
1804  1.180000
1805  2.140000
1806  0.540000
1807  0.000000
1808  1.480000
1809  1.960000
1810  0.280000
1811  0.020000
1812  1.660000
1813  1.700000
1814  0.120000
1815  0.280000
1816  1.760000
1817  1.460000
1818  0.100000
1819  0.520000
1820  1.780000
1821  1.260000
1822  0.120000
1823  0.700000
1824  1.740000
1825  1.120000
1826  0.180000
1827  0.820000
1828  1.680000
1829  1.040000
1830  0.180000
1831  0.860000
1832  1.660000
1833  0.960000
1834  0.200000
1835  0.920000
1836  1.700000
1837  0.920000
1838  0.180000
1839  1.020000
1840  1.740000
1841  0.800000
1842  0.120000
1843  1.140000
1844  1.800000
1845  0.640000
1846  0.100000
1847  1.340000
1848  1.780000
1849  0.400000
1850  0.100000
1851  1.560000
1852  1.680000
1853  0.160000
1854  0.240000
1855  1.800000
1856  1.540000
1857  0.000000
1858  0.480000
1859  1.980000
1860  1.260000
1861  4.800000
1862  0.780000
1863  2.040000
1864  0.940000
1865  0.000000
1866  1.120000
1867  2.000000
1868  0.600000
1869  0.000000
1870  1.380000
1871  1.820000
1872  0.340000
1873  0.160000
1874  1.600000
1875  1.580000
1876  0.200000
1877  0.460000
1878  1.700000
1879  1.280000
1880  0.180000
1881  0.740000
1882  1.660000
1883  1.020000
1884  0.280000
1885  0.960000
1886  1.540000
1887  0.820000
1888  0.420000
1889  1.080000
1890  1.320000
1891  0.720000
1892  0.620000
1893  1.120000
1894  1.160000
1895  0.800000
1896  0.800000
1897  1.040000
1898  1.040000
1899  0.900000
1900  0.880000
1901  0.920000
1902  1.000000
1903  1.040000
1904  0.880000
1905  0.780000
1906  1.060000
1907  1.140000
1908  0.760000
1909  0.680000
1910  1.180000
1911  1.180000
1912  0.600000
1913  0.700000
1914  1.340000
1915  1.160000
1916  0.480000
1917  0.780000
1918  1.460000
1919  1.040000
1920  0.380000
1921  0.940000
1922  1.540000
1923  0.860000
1924  0.360000
1925  1.120000
1926  1.500000
1927  0.660000
1928  0.380000
1929  1.240000
1930  1.400000
1931  0.520000
1932  0.520000
1933  1.360000
1934  1.280000
1935  0.480000
1936  0.660000
1937  1.400000
1938  1.160000
1939  0.500000
1940  0.780000
1941  1.360000
1942  1.060000
1943  0.560000
1944  0.860000
1945  1.300000
1946  1.000000
1947  0.600000
1948  0.840000
1949  1.240000
1950  1.040000
1951  0.640000
1952  0.800000
1953  1.240000
1954  1.120000
1955  0.620000
1956  0.720000
1957  1.300000
1958  1.180000
1959  0.520000
1960  0.700000
1961  1.460000
1962  1.180000
1963  0.340000
1964  0.720000
1965  1.620000
1966  1.060000
1967  0.140000
1968  0.860000
1969  1.780000
1970  0.880000
1971  0.020000
1972  1.120000
1973  1.900000
1974  0.620000
1975  0.000000
1976  1.440000
1977  1.880000
1978  0.300000
1979  0.040000
1980  1.760000
1981  1.740000
1982  0.000000
1983  0.260000
1984  2.020000
1985  1.460000
1986  0.000000
1987  0.560000
1988  2.200000
1989  1.120000
1990  0.000000
1991  0.940000
1992  2.240000
1993  0.760000
1994  0.000000
1995  1.320000
1996  2.140000
1997  0.400000
1998  0.000000
1999  1.620000
2000  1.920000
2001  0.140000
2002  0.100000
2003  1.820000
2004  1.620000
2005  0.000000
2006  0.360000
2007  1.880000
2008  1.340000
2009  0.000000
2010  0.640000
2011  1.900000
2012  1.120000
2013  0.020000
2014  0.860000
2015  1.820000
2016  0.960000
2017  0.100000
2018  0.980000
2019  1.740000
2020  0.860000
2021  0.180000
2022  1.060000
2023  1.660000
2024  0.780000
2025  0.220000
2026  1.100000
2027  1.620000
2028  0.740000
2029  0.240000
2030  1.160000
2031  1.640000
2032  0.660000
2033  0.240000
2034  1.260000
2035  1.660000
2036  0.540000
2037  0.220000
2038  1.420000
2039  1.660000
2040  0.360000
2041  0.260000
2042  1.620000
2043  1.560000
2044  0.140000
2045  0.360000
2046  1.800000
2047  1.380000
2048  0.000000
