Nama File =s5_50_100_2k.dat
Time Samplig =0.0005
1  2.040000
2  2.080000
3  0.300000
4  0.600000
5  0.720000
6  0.860000
7  1.020000
8  1.180000
9  1.340000
10  1.480000
11  1.560000
12  1.620000
13  1.640000
14  1.600000
15  1.540000
16  1.440000
17  1.320000
18  1.200000
19  1.060000
20  0.940000
21  0.860000
22  0.800000
23  0.800000
24  0.800000
25  0.840000
26  0.900000
27  0.980000
28  1.040000
29  1.080000
30  1.100000
31  1.080000
32  1.020000
33  0.940000
34  0.820000
35  0.680000
36  0.540000
37  0.420000
38  0.280000
39  0.180000
40  0.120000
41  0.100000
42  0.140000
43  0.220000
44  0.340000
45  0.480000
46  0.640000
47  0.800000
48  0.960000
49  1.100000
50  1.180000
51  1.240000
52  1.240000
53  1.200000
54  1.120000
55  1.020000
56  0.900000
57  0.780000
58  0.640000
59  0.540000
60  0.460000
61  0.400000
62  0.400000
63  0.420000
64  0.460000
65  0.540000
66  0.600000
67  0.660000
68  0.720000
69  0.720000
70  0.700000
71  0.620000
72  0.560000
73  0.440000
74  0.300000
75  0.160000
76  0.040000
77  0.000000
78  0.000000
79  0.000000
80  0.000000
81  0.000000
82  0.000000
83  0.040000
84  0.180000
85  0.360000
86  0.520000
87  0.680000
88  0.800000
89  0.880000
90  0.940000
91  0.940000
92  0.900000
93  0.820000
94  0.720000
95  0.600000
96  0.480000
97  0.360000
98  0.260000
99  0.200000
100  0.160000
101  0.160000
102  0.200000
103  0.240000
104  0.320000
105  0.400000
106  0.460000
107  0.500000
108  0.520000
109  0.480000
110  0.440000
111  0.340000
112  0.240000
113  0.100000
114  0.000000
115  0.000000
116  0.000000
117  0.000000
118  0.000000
119  0.000000
120  0.000000
121  0.000000
122  0.000000
123  0.100000
124  0.280000
125  0.460000
126  0.620000
127  0.740000
128  0.820000
129  0.860000
130  0.860000
131  0.820000
132  0.740000
133  0.640000
134  0.540000
135  0.420000
136  0.300000
137  0.220000
138  0.160000
139  0.140000
140  0.160000
141  0.200000
142  0.280000
143  0.340000
144  0.420000
145  0.500000
146  0.540000
147  0.560000
148  0.540000
149  0.480000
150  0.400000
151  0.280000
152  0.160000
153  0.040000
154  0.000000
155  0.000000
156  0.000000
157  0.000000
158  0.000000
159  0.000000
160  0.000000
161  0.100000
162  0.280000
163  0.460000
164  0.640000
165  0.800000
166  0.920000
167  1.000000
168  1.060000
169  1.060000
170  1.000000
171  0.920000
172  0.840000
173  0.720000
174  0.620000
175  0.520000
176  0.440000
177  0.380000
178  0.380000
179  0.400000
180  0.460000
181  0.540000
182  0.620000
183  0.700000
184  0.780000
185  0.820000
186  0.840000
187  0.820000
188  0.760000
189  0.660000
190  0.560000
191  0.440000
192  0.320000
193  0.220000
194  0.120000
195  0.080000
196  0.060000
197  0.100000
198  0.200000
199  0.320000
200  0.480000
201  0.660000
202  0.840000
203  1.020000
204  1.180000
205  1.300000
206  1.380000
207  1.420000
208  1.420000
209  1.360000
210  1.280000
211  1.180000
212  1.080000
213  0.980000
214  0.880000
215  0.800000
216  0.760000
217  0.780000
218  0.800000
219  0.860000
220  0.940000
221  1.040000
222  1.120000
223  1.180000
224  1.240000
225  1.240000
226  1.200000
227  1.140000
228  1.060000
229  0.940000
230  0.820000
231  0.700000
232  0.600000
233  0.520000
234  0.480000
235  0.480000
236  0.520000
237  0.620000
238  0.760000
239  0.920000
240  1.100000
241  1.280000
242  1.460000
243  1.620000
244  1.720000
245  1.800000
246  1.820000
247  1.820000
248  1.760000
249  1.660000
250  1.560000
251  1.460000
252  1.360000
253  1.260000
254  1.200000
255  1.160000
256  1.160000
257  1.200000
258  1.260000
259  1.340000
260  1.420000
261  1.500000
262  1.560000
263  1.600000
264  1.580000
265  1.560000
266  1.500000
267  1.400000
268  1.280000
269  1.160000
270  1.040000
271  0.940000
272  0.860000
273  0.820000
274  0.820000
275  0.880000
276  0.980000
277  1.120000
278  1.260000
279  1.460000
280  1.640000
281  1.800000
282  1.940000
283  2.040000
284  2.100000
285  2.120000
286  2.100000
287  2.020000
288  1.920000
289  1.820000
290  1.700000
291  1.580000
292  1.500000
293  1.440000
294  1.400000
295  1.400000
296  1.440000
297  1.500000
298  1.580000
299  1.660000
300  1.720000
301  1.780000
302  1.800000
303  1.800000
304  1.740000
305  1.660000
306  1.560000
307  1.440000
308  1.300000
309  1.180000
310  1.080000
311  1.000000
312  0.960000
313  0.960000
314  1.020000
315  1.120000
316  1.260000
317  1.420000
318  1.600000
319  1.760000
320  1.920000
321  2.060000
322  2.140000
323  2.180000
324  2.180000
325  2.140000
326  2.060000
327  1.960000
328  1.840000
329  1.720000
330  1.600000
331  1.500000
332  1.440000
333  1.400000
334  1.400000
335  1.440000
336  1.500000
337  1.560000
338  1.640000
339  1.700000
340  1.740000
341  1.760000
342  1.740000
343  1.660000
344  1.580000
345  1.460000
346  1.320000
347  1.200000
348  1.060000
349  0.960000
350  0.880000
351  0.840000
352  0.840000
353  0.900000
354  1.000000
355  1.140000
356  1.300000
357  1.480000
358  1.640000
359  1.780000
360  1.900000
361  1.980000
362  2.000000
363  2.000000
364  1.940000
365  1.840000
366  1.720000
367  1.600000
368  1.480000
369  1.360000
370  1.260000
371  1.200000
372  1.160000
373  1.160000
374  1.200000
375  1.240000
376  1.320000
377  1.380000
378  1.440000
379  1.480000
380  1.480000
381  1.440000
382  1.360000
383  1.260000
384  1.140000
385  1.000000
386  0.860000
387  0.740000
388  0.620000
389  0.540000
390  0.520000
391  0.520000
392  0.580000
393  0.700000
394  0.840000
395  1.000000
396  1.160000
397  1.320000
398  1.460000
399  1.560000
400  1.620000
401  1.640000
402  1.620000
403  1.560000
404  1.460000
405  1.340000
406  1.200000
407  1.080000
408  0.960000
409  0.860000
410  0.800000
411  0.760000
412  0.780000
413  0.820000
414  0.860000
415  0.940000
416  1.000000
417  1.040000
418  1.080000
419  1.060000
420  1.020000
421  0.940000
422  0.840000
423  0.700000
424  0.560000
425  0.420000
426  0.300000
427  0.200000
428  0.140000
429  0.100000
430  0.140000
431  0.200000
432  0.300000
433  0.460000
434  0.620000
435  0.780000
436  0.940000
437  1.080000
438  1.180000
439  1.240000
440  1.240000
441  1.220000
442  1.140000
443  1.040000
444  0.920000
445  0.780000
446  0.660000
447  0.540000
448  0.460000
449  0.400000
450  0.380000
451  0.400000
452  0.420000
453  0.500000
454  0.560000
455  0.620000
456  0.680000
457  0.700000
458  0.700000
459  0.620000
460  0.560000
461  0.440000
462  0.320000
463  0.180000
464  0.040000
465  0.000000
466  0.000000
467  0.000000
468  0.000000
469  0.000000
470  0.000000
471  0.020000
472  0.160000
473  0.340000
474  0.500000
475  0.660000
476  0.800000
477  0.900000
478  0.940000
479  0.940000
480  0.920000
481  0.840000
482  0.740000
483  0.620000
484  0.500000
485  0.380000
486  0.260000
487  0.200000
488  0.140000
489  0.140000
490  0.160000
491  0.220000
492  0.280000
493  0.360000
494  0.420000
495  0.480000
496  0.500000
497  0.500000
498  0.440000
499  0.360000
500  0.240000
501  0.120000
502  0.000000
503  0.000000
504  0.000000
505  0.000000
506  0.000000
507  0.000000
508  0.000000
509  0.000000
510  0.000000
511  0.080000
512  0.260000
513  0.440000
514  0.600000
515  0.740000
516  0.840000
517  0.880000
518  0.880000
519  0.840000
520  0.780000
521  0.680000
522  0.560000
523  0.440000
524  0.320000
525  0.240000
526  0.160000
527  0.140000
528  0.140000
529  0.180000
530  0.240000
531  0.320000
532  0.400000
533  0.460000
534  0.520000
535  0.560000
536  0.540000
537  0.480000
538  0.400000
539  0.300000
540  0.180000
541  0.040000
542  0.000000
543  0.000000
544  0.000000
545  0.000000
546  0.000000
547  0.000000
548  0.000000
549  0.100000
550  0.260000
551  0.440000
552  0.620000
553  0.800000
554  0.920000
555  1.020000
556  1.080000
557  1.080000
558  1.040000
559  0.960000
560  0.860000
561  0.740000
562  0.640000
563  0.540000
564  0.440000
565  0.400000
566  0.380000
567  0.380000
568  0.440000
569  0.500000
570  0.580000
571  0.680000
572  0.760000
573  0.800000
574  0.840000
575  0.820000
576  0.760000
577  0.680000
578  0.580000
579  0.460000
580  0.340000
581  0.240000
582  0.160000
583  0.100000
584  0.080000
585  0.100000
586  0.200000
587  0.300000
588  0.460000
589  0.640000
590  0.840000
591  1.020000
592  1.180000
593  1.320000
594  1.400000
595  1.440000
596  1.440000
597  1.400000
598  1.320000
599  1.220000
600  1.100000
601  1.000000
602  0.900000
603  0.820000
604  0.780000
605  0.760000
606  0.780000
607  0.840000
608  0.920000
609  1.000000
610  1.080000
611  1.160000
612  1.220000
613  1.240000
614  1.220000
615  1.160000
616  1.080000
617  0.960000
618  0.860000
619  0.720000
620  0.620000
621  0.560000
622  0.500000
623  0.500000
624  0.520000
625  0.620000
626  0.740000
627  0.900000
628  1.080000
629  1.260000
630  1.460000
631  1.600000
632  1.740000
633  1.820000
634  1.840000
635  1.840000
636  1.780000
637  1.700000
638  1.600000
639  1.480000
640  1.380000
641  1.260000
642  1.200000
643  1.160000
644  1.140000
645  1.180000
646  1.220000
647  1.300000
648  1.400000
649  1.480000
650  1.540000
651  1.580000
652  1.600000
653  1.580000
654  1.500000
655  1.420000
656  1.300000
657  1.180000
658  1.060000
659  0.960000
660  0.880000
661  0.840000
662  0.840000
663  0.880000
664  0.960000
665  1.100000
666  1.260000
667  1.440000
668  1.620000
669  1.800000
670  1.940000
671  2.060000
672  2.120000
673  2.140000
674  2.120000
675  2.060000
676  1.960000
677  1.840000
678  1.720000
679  1.620000
680  1.520000
681  1.440000
682  1.400000
683  1.380000
684  1.420000
685  1.480000
686  1.540000
687  1.620000
688  1.700000
689  1.760000
690  1.800000
691  1.800000
692  1.760000
693  1.680000
694  1.580000
695  1.460000
696  1.320000
697  1.200000
698  1.100000
699  1.020000
700  0.980000
701  0.980000
702  1.020000
703  1.120000
704  1.240000
705  1.400000
706  1.580000
707  1.760000
708  1.900000
709  2.040000
710  2.140000
711  2.200000
712  2.200000
713  2.160000
714  2.080000
715  1.980000
716  1.860000
717  1.740000
718  1.620000
719  1.520000
720  1.440000
721  1.400000
722  1.380000
723  1.400000
724  1.460000
725  1.520000
726  1.600000
727  1.660000
728  1.720000
729  1.740000
730  1.720000
731  1.680000
732  1.580000
733  1.480000
734  1.340000
735  1.200000
736  1.080000
737  0.980000
738  0.900000
739  0.860000
740  0.840000
741  0.900000
742  1.000000
743  1.120000
744  1.280000
745  1.460000
746  1.620000
747  1.760000
748  1.900000
749  1.980000
750  2.020000
751  2.000000
752  1.960000
753  1.860000
754  1.760000
755  1.620000
756  1.480000
757  1.360000
758  1.260000
759  1.180000
760  1.140000
761  1.140000
762  1.160000
763  1.220000
764  1.260000
765  1.340000
766  1.400000
767  1.440000
768  1.460000
769  1.440000
770  1.360000
771  1.260000
772  1.140000
773  1.020000
774  0.860000
775  0.740000
776  0.640000
777  0.560000
778  0.520000
779  0.520000
780  0.580000
781  0.680000
782  0.820000
783  0.960000
784  1.140000
785  1.300000
786  1.440000
787  1.560000
788  1.640000
789  1.660000
790  1.640000
791  1.580000
792  1.480000
793  1.360000
794  1.220000
795  1.080000
796  0.960000
797  0.860000
798  0.780000
799  0.740000
800  0.740000
801  0.780000
802  0.820000
803  0.900000
804  0.940000
805  1.020000
806  1.040000
807  1.060000
808  1.020000
809  0.940000
810  0.840000
811  0.720000
812  0.580000
813  0.440000
814  0.300000
815  0.220000
816  0.140000
817  0.120000
818  0.120000
819  0.200000
820  0.300000
821  0.440000
822  0.600000
823  0.760000
824  0.920000
825  1.060000
826  1.180000
827  1.240000
828  1.260000
829  1.220000
830  1.160000
831  1.060000
832  0.940000
833  0.800000
834  0.660000
835  0.560000
836  0.460000
837  0.380000
838  0.360000
839  0.360000
840  0.400000
841  0.460000
842  0.520000
843  0.580000
844  0.640000
845  0.680000
846  0.680000
847  0.640000
848  0.560000
849  0.460000
850  0.340000
851  0.200000
852  0.060000
853  0.000000
854  0.000000
855  0.000000
856  0.000000
857  0.000000
858  0.000000
859  0.000000
860  0.140000
861  0.300000
862  0.480000
863  0.640000
864  0.780000
865  0.900000
866  0.960000
867  0.960000
868  0.920000
869  0.860000
870  0.760000
871  0.640000
872  0.500000
873  0.380000
874  0.280000
875  0.200000
876  0.140000
877  0.120000
878  0.140000
879  0.180000
880  0.240000
881  0.320000
882  0.380000
883  0.440000
884  0.480000
885  0.480000
886  0.440000
887  0.360000
888  0.260000
889  0.140000
890  0.000000
891  0.000000
892  0.000000
893  0.000000
894  0.000000
895  0.000000
896  0.000000
897  0.000000
898  0.000000
899  0.060000
900  0.240000
901  0.420000
902  0.580000
903  0.740000
904  0.840000
905  0.900000
906  0.900000
907  0.880000
908  0.800000
909  0.700000
910  0.580000
911  0.460000
912  0.340000
913  0.240000
914  0.180000
915  0.120000
916  0.120000
917  0.160000
918  0.200000
919  0.280000
920  0.360000
921  0.440000
922  0.500000
923  0.540000
924  0.540000
925  0.500000
926  0.420000
927  0.320000
928  0.200000
929  0.080000
930  0.000000
931  0.000000
932  0.000000
933  0.000000
934  0.000000
935  0.000000
936  0.000000
937  0.080000
938  0.260000
939  0.440000
940  0.620000
941  0.780000
942  0.920000
943  1.040000
944  1.100000
945  1.100000
946  1.060000
947  1.000000
948  0.900000
949  0.780000
950  0.660000
951  0.540000
952  0.460000
953  0.400000
954  0.360000
955  0.380000
956  0.420000
957  0.480000
958  0.560000
959  0.640000
960  0.720000
961  0.780000
962  0.820000
963  0.820000
964  0.780000
965  0.700000
966  0.600000
967  0.500000
968  0.360000
969  0.260000
970  0.180000
971  0.120000
972  0.100000
973  0.120000
974  0.200000
975  0.300000
976  0.460000
977  0.620000
978  0.820000
979  1.000000
980  1.180000
981  1.300000
982  1.420000
983  1.460000
984  1.460000
985  1.420000
986  1.360000
987  1.240000
988  1.140000
989  1.020000
990  0.920000
991  0.840000
992  0.780000
993  0.760000
994  0.760000
995  0.820000
996  0.880000
997  0.960000
998  1.060000
999  1.140000
1000  1.200000
1001  1.220000
1002  1.220000
1003  1.180000
1004  1.100000
1005  1.000000
1006  0.880000
1007  0.760000
1008  0.640000
1009  0.560000
1010  0.520000
1011  0.500000
1012  0.540000
1013  0.620000
1014  0.740000
1015  0.900000
1016  1.080000
1017  1.260000
1018  1.440000
1019  1.600000
1020  1.740000
1021  1.820000
1022  1.880000
1023  1.860000
1024  1.820000
1025  1.740000
1026  1.620000
1027  1.500000
1028  1.380000
1029  1.300000
1030  1.200000
1031  1.160000
1032  1.140000
1033  1.160000
1034  1.200000
1035  1.260000
1036  1.360000
1037  1.440000
1038  1.520000
1039  1.560000
1040  1.580000
1041  1.580000
1042  1.520000
1043  1.440000
1044  1.320000
1045  1.200000
1046  1.080000
1047  0.980000
1048  0.900000
1049  0.860000
1050  0.840000
1051  0.880000
1052  0.960000
1053  1.100000
1054  1.240000
1055  1.420000
1056  1.600000
1057  1.780000
1058  1.920000
1059  2.060000
1060  2.140000
1061  2.160000
1062  2.140000
1063  2.080000
1064  2.000000
1065  1.880000
1066  1.740000
1067  1.620000
1068  1.520000
1069  1.440000
1070  1.380000
1071  1.380000
1072  1.400000
1073  1.440000
1074  1.520000
1075  1.580000
1076  1.660000
1077  1.720000
1078  1.780000
1079  1.780000
1080  1.760000
1081  1.700000
1082  1.580000
1083  1.480000
1084  1.360000
1085  1.220000
1086  1.120000
1087  1.040000
1088  1.000000
1089  0.980000
1090  1.020000
1091  1.100000
1092  1.240000
1093  1.380000
1094  1.560000
1095  1.740000
1096  1.900000
1097  2.040000
1098  2.140000
1099  2.200000
1100  2.220000
1101  2.180000
1102  2.120000
1103  2.020000
1104  1.880000
1105  1.760000
1106  1.620000
1107  1.520000
1108  1.440000
1109  1.380000
1110  1.360000
1111  1.380000
1112  1.420000
1113  1.480000
1114  1.560000
1115  1.620000
1116  1.680000
1117  1.720000
1118  1.720000
1119  1.680000
1120  1.580000
1121  1.500000
1122  1.360000
1123  1.240000
1124  1.100000
1125  0.980000
1126  0.900000
1127  0.860000
1128  0.860000
1129  0.900000
1130  0.980000
1131  1.100000
1132  1.260000
1133  1.420000
1134  1.600000
1135  1.760000
1136  1.880000
1137  1.980000
1138  2.020000
1139  2.020000
1140  1.980000
1141  1.880000
1142  1.780000
1143  1.640000
1144  1.500000
1145  1.380000
1146  1.260000
1147  1.180000
1148  1.120000
1149  1.120000
1150  1.140000
1151  1.180000
1152  1.240000
1153  1.300000
1154  1.360000
1155  1.420000
1156  1.440000
1157  1.420000
1158  1.380000
1159  1.260000
1160  1.160000
1161  1.040000
1162  0.880000
1163  0.760000
1164  0.640000
1165  0.560000
1166  0.540000
1167  0.520000
1168  0.580000
1169  0.660000
1170  0.800000
1171  0.940000
1172  1.120000
1173  1.260000
1174  1.420000
1175  1.540000
1176  1.640000
1177  1.680000
1178  1.660000
1179  1.580000
1180  1.500000
1181  1.380000
1182  1.240000
1183  1.100000
1184  0.960000
1185  0.860000
1186  0.780000
1187  0.740000
1188  0.720000
1189  0.740000
1190  0.780000
1191  0.840000
1192  0.920000
1193  0.980000
1194  1.020000
1195  1.040000
1196  1.020000
1197  0.940000
1198  0.860000
1199  0.740000
1200  0.600000
1201  0.460000
1202  0.320000
1203  0.220000
1204  0.160000
1205  0.120000
1206  0.120000
1207  0.180000
1208  0.280000
1209  0.420000
1210  0.560000
1211  0.740000
1212  0.900000
1213  1.040000
1214  1.160000
1215  1.240000
1216  1.260000
1217  1.240000
1218  1.180000
1219  1.080000
1220  0.960000
1221  0.820000
1222  0.680000
1223  0.560000
1224  0.460000
1225  0.380000
1226  0.340000
1227  0.340000
1228  0.360000
1229  0.420000
1230  0.480000
1231  0.560000
1232  0.600000
1233  0.640000
1234  0.660000
1235  0.640000
1236  0.580000
1237  0.480000
1238  0.340000
1239  0.220000
1240  0.080000
1241  0.000000
1242  0.000000
1243  0.000000
1244  0.000000
1245  0.000000
1246  0.000000
1247  0.000000
1248  0.120000
1249  0.280000
1250  0.460000
1251  0.620000
1252  0.780000
1253  0.880000
1254  0.960000
1255  0.980000
1256  0.940000
1257  0.880000
1258  0.780000
1259  0.660000
1260  0.520000
1261  0.400000
1262  0.280000
1263  0.200000
1264  0.120000
1265  0.100000
1266  0.100000
1267  0.140000
1268  0.200000
1269  0.280000
1270  0.360000
1271  0.420000
1272  0.460000
1273  0.480000
1274  0.460000
1275  0.380000
1276  0.280000
1277  0.160000
1278  0.040000
1279  0.000000
1280  0.000000
1281  0.000000
1282  0.000000
1283  0.000000
1284  0.000000
1285  0.000000
1286  0.000000
1287  0.060000
1288  0.220000
1289  0.400000
1290  0.580000
1291  0.720000
1292  0.840000
1293  0.900000
1294  0.940000
1295  0.900000
1296  0.820000
1297  0.720000
1298  0.600000
1299  0.480000
1300  0.360000
1301  0.260000
1302  0.180000
1303  0.120000
1304  0.100000
1305  0.120000
1306  0.180000
1307  0.240000
1308  0.320000
1309  0.400000
1310  0.480000
1311  0.520000
1312  0.520000
1313  0.520000
1314  0.440000
1315  0.340000
1316  0.240000
1317  0.100000
1318  0.000000
1319  0.000000
1320  0.000000
1321  0.000000
1322  0.000000
1323  0.000000
1324  0.000000
1325  0.080000
1326  0.240000
1327  0.420000
1328  0.600000
1329  0.780000
1330  0.920000
1331  1.040000
1332  1.120000
1333  1.120000
1334  1.100000
1335  1.020000
1336  0.920000
1337  0.800000
1338  0.680000
1339  0.560000
1340  0.480000
1341  0.400000
1342  0.360000
1343  0.360000
1344  0.380000
1345  0.440000
1346  0.520000
1347  0.600000
1348  0.700000
1349  0.760000
1350  0.800000
1351  0.820000
1352  0.800000
1353  0.740000
1354  0.620000
1355  0.520000
1356  0.400000
1357  0.280000
1358  0.200000
1359  0.140000
1360  0.120000
1361  0.140000
1362  0.200000
1363  0.300000
1364  0.440000
1365  0.620000
1366  0.800000
1367  1.000000
1368  1.160000
1369  1.300000
1370  1.420000
1371  1.480000
1372  1.500000
1373  1.460000
1374  1.380000
1375  1.280000
1376  1.160000
1377  1.040000
1378  0.920000
1379  0.840000
1380  0.780000
1381  0.740000
1382  0.760000
1383  0.780000
1384  0.860000
1385  0.940000
1386  1.020000
1387  1.100000
1388  1.180000
1389  1.220000
1390  1.220000
1391  1.200000
1392  1.120000
1393  1.020000
1394  0.900000
1395  0.780000
1396  0.680000
1397  0.600000
1398  0.540000
1399  0.520000
1400  0.540000
1401  0.620000
1402  0.740000
1403  0.880000
1404  1.060000
1405  1.240000
1406  1.420000
1407  1.600000
1408  1.740000
1409  1.840000
1410  1.880000
1411  1.900000
1412  1.840000
1413  1.760000
1414  1.660000
1415  1.540000
1416  1.420000
1417  1.300000
1418  1.220000
1419  1.160000
1420  1.120000
1421  1.140000
1422  1.180000
1423  1.240000
1424  1.320000
1425  1.420000
1426  1.480000
1427  1.540000
1428  1.580000
1429  1.580000
1430  1.540000
1431  1.460000
1432  1.360000
1433  1.240000
1434  1.120000
1435  1.000000
1436  0.920000
1437  0.860000
1438  0.860000
1439  0.880000
1440  0.960000
1441  1.080000
1442  1.240000
1443  1.400000
1444  1.580000
1445  1.760000
1446  1.920000
1447  2.040000
1448  2.140000
1449  2.180000
1450  2.160000
1451  2.100000
1452  2.020000
1453  1.900000
1454  1.780000
1455  1.640000
1456  1.540000
1457  1.440000
1458  1.380000
1459  1.360000
1460  1.380000
1461  1.420000
1462  1.480000
1463  1.560000
1464  1.620000
1465  1.700000
1466  1.740000
1467  1.760000
1468  1.760000
1469  1.700000
1470  1.620000
1471  1.500000
1472  1.380000
1473  1.260000
1474  1.140000
1475  1.060000
1476  1.000000
1477  1.000000
1478  1.020000
1479  1.100000
1480  1.220000
1481  1.360000
1482  1.540000
1483  1.720000
1484  1.880000
1485  2.020000
1486  2.140000
1487  2.200000
1488  2.240000
1489  2.200000
1490  2.140000
1491  2.040000
1492  1.900000
1493  1.780000
1494  1.640000
1495  1.520000
1496  1.440000
1497  1.380000
1498  1.340000
1499  1.360000
1500  1.400000
1501  1.460000
1502  1.520000
1503  1.580000
1504  1.640000
1505  1.700000
1506  1.700000
1507  1.680000
1508  1.620000
1509  1.520000
1510  1.380000
1511  1.260000
1512  1.120000
1513  1.000000
1514  0.920000
1515  0.880000
1516  0.860000
1517  0.900000
1518  0.980000
1519  1.100000
1520  1.240000
1521  1.400000
1522  1.580000
1523  1.740000
1524  1.860000
1525  1.960000
1526  2.020000
1527  2.040000
1528  2.000000
1529  1.900000
1530  1.800000
1531  1.660000
1532  1.520000
1533  1.380000
1534  1.260000
1535  1.180000
1536  1.120000
1537  1.100000
1538  1.100000
1539  1.140000
1540  1.200000
1541  1.260000
1542  1.320000
1543  1.380000
1544  1.400000
1545  1.400000
1546  1.380000
1547  1.300000
1548  1.180000
1549  1.060000
1550  0.920000
1551  0.780000
1552  0.660000
1553  0.580000
1554  0.540000
1555  0.540000
1556  0.560000
1557  0.660000
1558  0.780000
1559  0.920000
1560  1.080000
1561  1.260000
1562  1.400000
1563  1.540000
1564  1.620000
1565  1.680000
1566  1.680000
1567  1.620000
1568  1.520000
1569  1.400000
1570  1.260000
1571  1.120000
1572  0.980000
1573  0.860000
1574  0.780000
1575  0.720000
1576  0.700000
1577  0.700000
1578  0.740000
1579  0.800000
1580  0.880000
1581  0.940000
1582  0.980000
1583  1.000000
1584  1.000000
1585  0.940000
1586  0.880000
1587  0.760000
1588  0.620000
1589  0.480000
1590  0.340000
1591  0.240000
1592  0.160000
1593  0.120000
1594  0.120000
1595  0.180000
1596  0.260000
1597  0.400000
1598  0.540000
1599  0.720000
1600  0.880000
1601  1.040000
1602  1.160000
1603  1.240000
1604  1.280000
1605  1.260000
1606  1.200000
1607  1.100000
1608  0.980000
1609  0.840000
1610  0.700000
1611  0.560000
1612  0.440000
1613  0.380000
1614  0.320000
1615  0.300000
1616  0.320000
1617  0.380000
1618  0.440000
1619  0.500000
1620  0.580000
1621  0.620000
1622  0.640000
1623  0.620000
1624  0.580000
1625  0.500000
1626  0.380000
1627  0.240000
1628  0.100000
1629  0.000000
1630  0.000000
1631  0.000000
1632  0.000000
1633  0.000000
1634  0.000000
1635  0.000000
1636  0.100000
1637  0.260000
1638  0.440000
1639  0.600000
1640  0.760000
1641  0.880000
1642  0.960000
1643  1.000000
1644  0.980000
1645  0.920000
1646  0.820000
1647  0.680000
1648  0.560000
1649  0.420000
1650  0.280000
1651  0.180000
1652  0.120000
1653  0.080000
1654  0.080000
1655  0.120000
1656  0.180000
1657  0.240000
1658  0.320000
1659  0.380000
1660  0.440000
1661  0.460000
1662  0.440000
1663  0.400000
1664  0.300000
1665  0.180000
1666  0.060000
1667  0.000000
1668  0.000000
1669  0.000000
1670  0.000000
1671  0.000000
1672  0.000000
1673  0.000000
1674  0.000000
1675  0.040000
1676  0.200000
1677  0.380000
1678  0.560000
1679  0.720000
1680  0.820000
1681  0.920000
1682  0.940000
1683  0.920000
1684  0.860000
1685  0.760000
1686  0.640000
1687  0.500000
1688  0.380000
1689  0.260000
1690  0.180000
1691  0.120000
1692  0.100000
1693  0.100000
1694  0.140000
1695  0.220000
1696  0.300000
1697  0.380000
1698  0.440000
1699  0.500000
1700  0.520000
1701  0.500000
1702  0.460000
1703  0.380000
1704  0.260000
1705  0.140000
1706  0.020000
1707  0.000000
1708  0.000000
1709  0.000000
1710  0.000000
1711  0.000000
1712  0.000000
1713  0.060000
1714  0.220000
1715  0.400000
1716  0.580000
1717  0.760000
1718  0.920000
1719  1.040000
1720  1.120000
1721  1.140000
1722  1.120000
1723  1.060000
1724  0.940000
1725  0.840000
1726  0.720000
1727  0.580000
1728  0.480000
1729  0.400000
1730  0.360000
1731  0.340000
1732  0.360000
1733  0.420000
1734  0.500000
1735  0.580000
1736  0.660000
1737  0.740000
1738  0.800000
1739  0.820000
1740  0.800000
1741  0.760000
1742  0.660000
1743  0.560000
1744  0.440000
1745  0.320000
1746  0.240000
1747  0.160000
1748  0.120000
1749  0.160000
1750  0.200000
1751  0.300000
1752  0.440000
1753  0.600000
1754  0.800000
1755  0.980000
1756  1.160000
1757  1.300000
1758  1.420000
1759  1.500000
1760  1.520000
1761  1.500000
1762  1.420000
1763  1.320000
1764  1.200000
1765  1.080000
1766  0.940000
1767  0.840000
1768  0.780000
1769  0.740000
1770  0.740000
1771  0.760000
1772  0.820000
1773  0.900000
1774  1.000000
1775  1.080000
1776  1.160000
1777  1.200000
1778  1.220000
1779  1.200000
1780  1.160000
1781  1.060000
1782  0.940000
1783  0.820000
1784  0.720000
1785  0.620000
1786  0.560000
1787  0.540000
1788  0.560000
1789  0.620000
1790  0.740000
1791  0.880000
1792  1.040000
1793  1.240000
1794  1.420000
1795  1.580000
1796  1.720000
1797  1.840000
1798  1.900000
1799  1.900000
1800  1.880000
1801  1.800000
1802  1.700000
1803  1.560000
1804  1.440000
1805  1.320000
1806  1.220000
1807  1.160000
1808  1.120000
1809  1.120000
1810  1.160000
1811  1.220000
1812  1.300000
1813  1.380000
1814  1.460000
1815  1.520000
1816  1.560000
1817  1.580000
1818  1.540000
1819  1.480000
1820  1.400000
1821  1.260000
1822  1.160000
1823  1.040000
1824  0.940000
1825  0.880000
1826  0.860000
1827  0.900000
1828  0.960000
1829  1.080000
1830  1.220000
1831  1.400000
1832  1.560000
1833  1.740000
1834  1.900000
1835  2.040000
1836  2.140000
1837  2.180000
1838  2.180000
1839  2.140000
1840  2.060000
1841  1.940000
1842  1.800000
1843  1.680000
1844  1.540000
1845  1.440000
1846  1.380000
1847  1.340000
1848  1.340000
1849  1.380000
1850  1.440000
1851  1.520000
1852  1.580000
1853  1.660000
1854  1.720000
1855  1.760000
1856  1.760000
1857  1.720000
1858  1.640000
1859  1.540000
1860  1.400000
1861  1.280000
1862  1.180000
1863  1.080000
1864  1.020000
1865  1.000000
1866  1.040000
1867  1.100000
1868  1.200000
1869  1.360000
1870  1.520000
1871  1.700000
1872  1.860000
1873  2.020000
1874  2.120000
1875  2.200000
1876  2.240000
1877  2.220000
1878  2.160000
1879  2.060000
1880  1.940000
1881  1.800000
1882  1.660000
1883  1.540000
1884  1.420000
1885  1.360000
1886  1.320000
1887  1.320000
1888  1.360000
1889  1.420000
1890  1.480000
1891  1.560000
1892  1.620000
1893  1.660000
1894  1.680000
1895  1.680000
1896  1.620000
1897  1.540000
1898  1.420000
1899  1.280000
1900  1.160000
1901  1.040000
1902  0.940000
1903  0.880000
1904  0.860000
1905  0.900000
1906  0.960000
1907  1.080000
1908  1.220000
1909  1.380000
1910  1.560000
1911  1.720000
1912  1.860000
1913  1.960000
1914  2.020000
1915  2.040000
1916  2.020000
1917  1.940000
1918  1.820000
1919  1.700000
1920  1.540000
1921  1.400000
1922  1.260000
1923  1.160000
1924  1.100000
1925  1.060000
1926  1.060000
1927  1.100000
1928  1.160000
1929  1.220000
1930  1.280000
1931  1.340000
1932  1.380000
1933  1.380000
1934  1.360000
1935  1.300000
1936  1.200000
1937  1.080000
1938  0.940000
1939  0.800000
1940  0.680000
1941  0.600000
1942  0.540000
1943  0.520000
1944  0.560000
1945  0.640000
1946  0.760000
1947  0.900000
1948  1.060000
1949  1.220000
1950  1.380000
1951  1.520000
1952  1.620000
1953  1.660000
1954  1.680000
1955  1.640000
1956  1.560000
1957  1.420000
1958  1.280000
1959  1.140000
1960  0.980000
1961  0.860000
1962  0.760000
1963  0.700000
1964  0.660000
1965  0.680000
1966  0.720000
1967  0.760000
1968  0.840000
1969  0.900000
1970  0.940000
1971  0.980000
1972  0.980000
1973  0.940000
1974  0.880000
1975  0.780000
1976  0.640000
1977  0.500000
1978  0.380000
1979  0.260000
1980  0.180000
1981  0.120000
1982  0.120000
1983  0.180000
1984  0.260000
1985  0.380000
1986  0.520000
1987  0.680000
1988  0.860000
1989  1.000000
1990  1.140000
1991  1.220000
1992  1.260000
1993  1.260000
1994  1.220000
1995  1.140000
1996  1.000000
1997  0.860000
1998  0.720000
1999  0.560000
2000  0.440000
2001  0.360000
2002  0.300000
2003  0.280000
2004  0.300000
2005  0.340000
2006  0.400000
2007  0.460000
2008  0.540000
2009  0.580000
2010  0.620000
2011  0.620000
2012  0.580000
2013  0.500000
2014  0.400000
2015  0.280000
2016  0.140000
2017  0.020000
2018  0.000000
2019  0.000000
2020  0.000000
2021  0.000000
2022  0.000000
2023  0.000000
2024  0.080000
2025  0.240000
2026  0.420000
2027  0.580000
2028  0.740000
2029  0.860000
2030  0.940000
2031  1.000000
2032  1.000000
2033  0.940000
2034  0.840000
2035  0.720000
2036  0.580000
2037  0.440000
2038  0.300000
2039  0.180000
2040  0.100000
2041  0.080000
2042  0.060000
2043  0.080000
2044  0.140000
2045  0.200000
2046  0.280000
2047  0.340000
2048  0.000000
