Nama File =kotak5H_500.dat
Time Samplig =0.0020
1  2.140000
2  2.080000
3  0.300000
4  3.800000
5  3.740000
6  3.660000
7  3.580000
8  3.500000
9  3.440000
10  3.360000
11  3.280000
12  3.200000
13  3.120000
14  3.060000
15  2.960000
16  2.860000
17  2.820000
18  2.740000
19  2.660000
20  2.580000
21  2.480000
22  2.420000
23  2.360000
24  2.260000
25  2.180000
26  2.100000
27  2.040000
28  1.960000
29  1.880000
30  1.800000
31  1.720000
32  1.640000
33  1.580000
34  1.500000
35  1.400000
36  1.320000
37  1.260000
38  1.180000
39  1.100000
40  1.020000
41  0.920000
42  0.880000
43  0.800000
44  0.720000
45  0.640000
46  0.560000
47  0.520000
48  0.420000
49  0.360000
50  0.280000
51  0.200000
52  0.200000
53  0.260000
54  0.320000
55  0.380000
56  0.460000
57  0.560000
58  0.620000
59  0.700000
60  0.760000
61  0.840000
62  0.920000
63  1.000000
64  1.080000
65  1.140000
66  1.220000
67  1.300000
68  1.380000
69  1.460000
70  1.540000
71  1.580000
72  1.680000
73  1.760000
74  1.840000
75  1.940000
76  1.980000
77  2.080000
78  2.160000
79  2.220000
80  2.320000
81  2.380000
82  2.460000
83  2.520000
84  2.620000
85  2.700000
86  2.760000
87  2.840000
88  2.920000
89  3.000000
90  3.080000
91  3.160000
92  3.220000
93  3.280000
94  3.380000
95  3.460000
96  3.500000
97  3.600000
98  3.680000
99  3.720000
100  3.820000
101  3.900000
102  3.920000
103  3.840000
104  3.780000
105  3.720000
106  3.620000
107  3.560000
108  3.480000
109  3.380000
110  3.320000
111  3.240000
112  3.180000
113  3.100000
114  3.020000
115  2.940000
116  2.860000
117  2.780000
118  2.720000
119  2.620000
120  2.540000
121  2.460000
122  2.380000
123  2.340000
124  2.240000
125  2.140000
126  2.080000
127  2.000000
128  1.940000
129  1.840000
130  1.780000
131  1.700000
132  1.600000
133  1.520000
134  1.460000
135  1.380000
136  1.280000
137  1.240000
138  1.160000
139  1.080000
140  1.000000
141  0.920000
142  0.840000
143  0.760000
144  0.680000
145  0.600000
146  0.540000
147  0.460000
148  0.400000
149  0.320000
150  0.240000
151  0.180000
152  0.200000
153  0.280000
154  0.360000
155  0.420000
156  0.500000
157  0.580000
158  0.660000
159  0.740000
160  0.800000
161  0.860000
162  0.940000
163  1.020000
164  1.120000
165  1.180000
166  1.240000
167  1.320000
168  1.420000
169  1.500000
170  1.580000
171  1.640000
172  1.700000
173  1.800000
174  1.880000
175  1.960000
176  2.000000
177  2.100000
178  2.200000
179  2.260000
180  2.340000
181  2.420000
182  2.480000
183  2.560000
184  2.640000
185  2.720000
186  2.800000
187  2.880000
188  2.960000
189  3.040000
190  3.100000
191  3.180000
192  3.260000
193  3.320000
194  3.400000
195  3.460000
196  3.540000
197  3.640000
198  3.700000
199  3.760000
200  3.820000
201  3.920000
202  3.900000
203  3.820000
204  3.740000
205  3.660000
206  3.600000
207  3.520000
208  3.460000
209  3.380000
210  3.280000
211  3.220000
212  3.120000
213  3.060000
214  2.980000
215  2.920000
216  2.840000
217  2.760000
218  2.680000
219  2.600000
220  2.540000
221  2.460000
222  2.360000
223  2.280000
224  2.200000
225  2.120000
226  2.060000
227  1.980000
228  1.900000
229  1.820000
230  1.740000
231  1.660000
232  1.580000
233  1.500000
234  1.440000
235  1.320000
236  1.260000
237  1.180000
238  1.120000
239  1.040000
240  0.940000
241  0.880000
242  0.820000
243  0.740000
244  0.660000
245  0.580000
246  0.500000
247  0.440000
248  0.380000
249  0.300000
250  0.220000
251  0.160000
252  0.240000
253  0.320000
254  0.380000
255  0.440000
256  0.540000
257  0.620000
258  0.680000
259  0.740000
260  0.820000
261  0.900000
262  0.980000
263  1.060000
264  1.140000
265  1.200000
266  1.240000
267  1.360000
268  1.440000
269  1.520000
270  1.580000
271  1.660000
272  1.740000
273  1.820000
274  1.900000
275  1.960000
276  2.060000
277  2.140000
278  2.220000
279  2.280000
280  2.340000
281  2.440000
282  2.520000
283  2.600000
284  2.680000
285  2.720000
286  2.820000
287  2.900000
288  2.980000
289  3.060000
290  3.120000
291  3.220000
292  3.280000
293  3.360000
294  3.420000
295  3.500000
296  3.560000
297  3.660000
298  3.720000
299  3.800000
300  3.820000
301  3.960000
302  3.860000
303  3.800000
304  3.720000
305  3.660000
306  3.580000
307  3.480000
308  3.420000
309  3.340000
310  3.280000
311  3.180000
312  3.100000
313  3.020000
314  2.980000
315  2.860000
316  2.820000
317  2.720000
318  2.640000
319  2.580000
320  2.500000
321  2.420000
322  2.340000
323  2.240000
324  2.180000
325  2.100000
326  2.020000
327  1.940000
328  1.880000
329  1.800000
330  1.700000
331  1.620000
332  1.560000
333  1.480000
334  1.400000
335  1.320000
336  1.240000
337  1.180000
338  1.100000
339  1.020000
340  0.920000
341  0.860000
342  0.780000
343  0.720000
344  0.640000
345  0.540000
346  0.500000
347  0.420000
348  0.360000
349  0.280000
350  0.180000
351  0.180000
352  0.280000
353  0.340000
354  0.420000
355  0.460000
356  0.540000
357  0.640000
358  0.720000
359  0.800000
360  0.840000
361  0.940000
362  1.000000
363  1.080000
364  1.160000
365  1.220000
366  1.320000
367  1.380000
368  1.460000
369  1.540000
370  1.620000
371  1.700000
372  1.760000
373  1.840000
374  1.920000
375  2.000000
376  2.080000
377  2.160000
378  2.220000
379  2.300000
380  2.400000
381  2.480000
382  2.540000
383  2.620000
384  2.700000
385  2.780000
386  2.860000
387  2.940000
388  3.020000
389  3.080000
390  3.160000
391  3.220000
392  3.300000
393  3.380000
394  3.460000
395  3.500000
396  3.620000
397  3.680000
398  3.760000
399  3.820000
400  3.920000
401  3.920000
402  3.840000
403  3.760000
404  3.720000
405  3.640000
406  3.540000
407  3.480000
408  3.380000
409  3.320000
410  3.240000
411  3.160000
412  3.080000
413  3.000000
414  2.940000
415  2.860000
416  2.780000
417  2.700000
418  2.640000
419  2.540000
420  2.460000
421  2.400000
422  2.320000
423  2.220000
424  2.140000
425  2.060000
426  2.000000
427  1.920000
428  1.860000
429  1.760000
430  1.660000
431  1.600000
432  1.540000
433  1.460000
434  1.360000
435  1.300000
436  1.220000
437  1.160000
438  1.100000
439  1.000000
440  0.900000
441  0.840000
442  0.760000
443  0.680000
444  0.600000
445  0.520000
446  0.460000
447  0.400000
448  0.300000
449  0.260000
450  0.180000
451  0.220000
452  0.300000
453  0.360000
454  0.440000
455  0.500000
456  0.580000
457  0.660000
458  0.720000
459  0.800000
460  0.880000
461  0.940000
462  1.040000
463  1.100000
464  1.200000
465  1.260000
466  1.320000
467  1.420000
468  1.500000
469  1.580000
470  1.640000
471  1.720000
472  1.800000
473  1.880000
474  1.960000
475  2.040000
476  2.100000
477  2.160000
478  2.260000
479  2.340000
480  2.420000
481  2.480000
482  2.560000
483  2.660000
484  2.740000
485  2.800000
486  2.880000
487  2.960000
488  3.040000
489  3.100000
490  3.180000
491  3.260000
492  3.320000
493  3.420000
494  3.480000
495  3.540000
496  3.640000
497  3.700000
498  3.780000
499  3.840000
500  3.940000
501  3.900000
502  3.820000
503  3.740000
504  3.660000
505  3.600000
506  3.520000
507  3.440000
508  3.380000
509  3.280000
510  3.200000
511  3.120000
512  3.060000
513  2.980000
514  2.900000
515  2.820000
516  2.760000
517  2.680000
518  2.600000
519  2.520000
520  2.440000
521  2.360000
522  2.280000
523  2.200000
524  2.120000
525  2.040000
526  1.960000
527  1.900000
528  1.820000
529  1.740000
530  1.660000
531  1.560000
532  1.500000
533  1.420000
534  1.340000
535  1.260000
536  1.200000
537  1.140000
538  1.040000
539  0.980000
540  0.880000
541  0.820000
542  0.720000
543  0.640000
544  0.580000
545  0.480000
546  0.440000
547  0.360000
548  0.300000
549  0.220000
550  0.180000
551  0.260000
552  0.320000
553  0.400000
554  0.460000
555  0.540000
556  0.600000
557  0.680000
558  0.780000
559  0.840000
560  0.900000
561  0.980000
562  1.060000
563  1.140000
564  1.220000
565  1.260000
566  1.360000
567  1.460000
568  1.540000
569  1.600000
570  1.660000
571  1.740000
572  1.840000
573  1.900000
574  1.980000
575  2.060000
576  2.140000
577  2.220000
578  2.300000
579  2.360000
580  2.440000
581  2.520000
582  2.600000
583  2.680000
584  2.760000
585  2.840000
586  2.900000
587  3.000000
588  3.060000
589  3.140000
590  3.180000
591  3.300000
592  3.360000
593  3.440000
594  3.500000
595  3.580000
596  3.680000
597  3.740000
598  3.800000
599  3.880000
600  3.940000
601  3.860000
602  3.780000
603  3.700000
604  3.640000
605  3.580000
606  3.500000
607  3.420000
608  3.340000
609  3.260000
610  3.180000
611  3.100000
612  3.040000
613  2.940000
614  2.880000
615  2.780000
616  2.720000
617  2.640000
618  2.560000
619  2.500000
620  2.420000
621  2.320000
622  2.240000
623  2.160000
624  2.100000
625  2.020000
626  1.920000
627  1.860000
628  1.780000
629  1.700000
630  1.620000
631  1.540000
632  1.480000
633  1.400000
634  1.320000
635  1.220000
636  1.160000
637  1.080000
638  1.020000
639  0.940000
640  0.860000
641  0.780000
642  0.700000
643  0.620000
644  0.560000
645  0.460000
646  0.400000
647  0.340000
648  0.280000
649  0.180000
650  0.200000
651  0.280000
652  0.360000
653  0.420000
654  0.500000
655  0.560000
656  0.640000
657  0.740000
658  0.800000
659  0.880000
660  0.920000
661  1.020000
662  1.100000
663  1.160000
664  1.240000
665  1.300000
666  1.400000
667  1.480000
668  1.560000
669  1.620000
670  1.700000
671  1.780000
672  1.860000
673  1.920000
674  2.020000
675  2.080000
676  2.180000
677  2.240000
678  2.320000
679  2.400000
680  2.480000
681  2.560000
682  2.620000
683  2.700000
684  2.780000
685  2.860000
686  2.960000
687  3.020000
688  3.100000
689  3.180000
690  3.240000
691  3.320000
692  3.380000
693  3.460000
694  3.540000
695  3.620000
696  3.700000
697  3.760000
698  3.840000
699  3.920000
700  3.920000
701  3.840000
702  3.760000
703  3.680000
704  3.620000
705  3.540000
706  3.460000
707  3.380000
708  3.320000
709  3.240000
710  3.160000
711  3.080000
712  3.000000
713  2.940000
714  2.840000
715  2.800000
716  2.700000
717  2.620000
718  2.540000
719  2.480000
720  2.380000
721  2.300000
722  2.220000
723  2.140000
724  2.060000
725  1.960000
726  1.920000
727  1.840000
728  1.760000
729  1.640000
730  1.600000
731  1.540000
732  1.440000
733  1.360000
734  1.260000
735  1.200000
736  1.140000
737  1.060000
738  0.980000
739  0.880000
740  0.820000
741  0.760000
742  0.680000
743  0.600000
744  0.540000
745  0.420000
746  0.400000
747  0.300000
748  0.240000
749  0.160000
750  0.220000
751  0.300000
752  0.380000
753  0.440000
754  0.500000
755  0.580000
756  0.680000
757  0.740000
758  0.820000
759  0.900000
760  0.980000
761  1.040000
762  1.120000
763  1.180000
764  1.260000
765  0.000000
766  1.420000
767  1.520000
768  1.560000
769  1.660000
770  1.720000
771  1.800000
772  1.880000
773  1.960000
774  2.040000
775  2.120000
776  2.200000
777  2.280000
778  2.360000
779  2.440000
780  2.500000
781  2.580000
782  2.660000
783  2.720000
784  2.820000
785  2.860000
786  2.960000
787  3.040000
788  3.120000
789  3.180000
790  3.280000
791  3.340000
792  3.420000
793  3.500000
794  3.560000
795  3.640000
796  3.720000
797  3.800000
798  3.860000
799  3.940000
800  3.880000
801  3.820000
802  3.740000
803  3.660000
804  3.580000
805  3.500000
806  3.420000
807  3.360000
808  3.280000
809  3.180000
810  3.120000
811  3.040000
812  2.980000
813  2.880000
814  2.800000
815  2.740000
816  2.660000
817  2.600000
818  2.500000
819  2.420000
820  2.340000
821  2.280000
822  2.200000
823  2.100000
824  2.040000
825  1.980000
826  1.880000
827  1.820000
828  1.720000
829  1.640000
830  1.560000
831  1.500000
832  1.420000
833  1.320000
834  1.260000
835  1.180000
836  1.120000
837  1.040000
838  0.960000
839  0.840000
840  0.800000
841  0.720000
842  0.640000
843  0.580000
844  0.500000
845  0.400000
846  0.360000
847  0.280000
848  0.220000
849  0.180000
850  0.260000
851  0.320000
852  0.400000
853  0.480000
854  0.560000
855  0.600000
856  0.700000
857  0.760000
858  0.840000
859  0.920000
860  0.980000
861  1.060000
862  1.140000
863  1.220000
864  1.300000
865  1.340000
866  1.460000
867  1.540000
868  1.600000
869  1.680000
870  1.760000
871  1.840000
872  1.920000
873  2.000000
874  2.080000
875  2.120000
876  2.240000
877  2.320000
878  2.380000
879  2.460000
880  2.520000
881  2.620000
882  2.680000
883  2.760000
884  2.840000
885  2.920000
886  3.000000
887  3.080000
888  3.160000
889  3.220000
890  3.300000
891  3.360000
892  3.460000
893  3.500000
894  3.600000
895  3.640000
896  3.760000
897  3.820000
898  3.880000
899  3.940000
900  3.860000
901  3.780000
902  3.700000
903  3.620000
904  3.560000
905  3.480000
906  3.420000
907  3.340000
908  3.260000
909  3.180000
910  3.100000
911  3.040000
912  2.940000
913  2.860000
914  2.780000
915  2.720000
916  2.640000
917  2.520000
918  2.480000
919  2.400000
920  2.320000
921  2.240000
922  2.160000
923  2.100000
924  2.000000
925  1.920000
926  1.860000
927  1.780000
928  1.720000
929  1.620000
930  1.520000
931  1.460000
932  1.380000
933  1.320000
934  1.220000
935  1.120000
936  1.060000
937  1.020000
938  0.940000
939  0.840000
940  0.760000
941  0.700000
942  0.620000
943  0.540000
944  0.480000
945  0.380000
946  0.340000
947  0.260000
948  0.200000
949  0.200000
950  0.280000
951  0.360000
952  0.420000
953  0.500000
954  0.560000
955  0.620000
956  0.740000
957  0.820000
958  0.880000
959  0.940000
960  1.020000
961  1.120000
962  1.180000
963  1.240000
964  1.320000
965  1.380000
966  1.500000
967  1.560000
968  1.640000
969  1.700000
970  1.780000
971  1.860000
972  1.940000
973  2.020000
974  2.080000
975  2.180000
976  2.260000
977  2.340000
978  2.400000
979  2.480000
980  2.560000
981  2.620000
982  2.700000
983  2.800000
984  2.860000
985  2.940000
986  3.020000
987  3.100000
988  3.160000
989  3.260000
990  3.340000
991  3.400000
992  3.460000
993  3.540000
994  3.620000
995  3.720000
996  3.780000
997  3.860000
998  3.920000
999  3.900000
1000  3.820000
1001  3.740000
1002  3.660000
1003  3.600000
1004  3.500000
1005  3.440000
1006  3.380000
1007  3.300000
1008  3.220000
1009  3.140000
1010  3.060000
1011  2.980000
1012  2.920000
1013  2.840000
1014  2.760000
1015  2.680000
1016  2.600000
1017  2.540000
1018  2.460000
1019  2.380000
1020  2.280000
1021  2.220000
1022  2.140000
1023  2.060000
1024  1.980000
1025  1.880000
1026  1.840000
1027  1.760000
1028  1.680000
1029  1.560000
1030  1.480000
1031  1.440000
1032  1.360000
1033  1.260000
1034  1.180000
1035  1.100000
1036  1.060000
1037  0.980000
1038  0.900000
1039  0.800000
1040  0.740000
1041  0.680000
1042  0.600000
1043  0.520000
1044  0.420000
1045  0.360000
1046  0.300000
1047  0.240000
1048  0.180000
1049  0.240000
1050  0.300000
1051  0.380000
1052  0.460000
1053  0.520000
1054  0.580000
1055  0.680000
1056  0.760000
1057  0.840000
1058  0.900000
1059  0.940000
1060  1.060000
1061  1.120000
1062  1.200000
1063  1.280000
1064  1.340000
1065  1.440000
1066  1.520000
1067  1.580000
1068  1.680000
1069  1.740000
1070  1.820000
1071  1.880000
1072  1.960000
1073  2.060000
1074  2.120000
1075  2.200000
1076  2.280000
1077  2.360000
1078  2.460000
1079  2.520000
1080  2.600000
1081  2.660000
1082  2.740000
1083  2.820000
1084  2.900000
1085  2.980000
1086  3.060000
1087  3.120000
1088  3.220000
1089  3.260000
1090  3.340000
1091  3.440000
1092  3.500000
1093  3.580000
1094  3.640000
1095  3.720000
1096  3.800000
1097  3.880000
1098  3.960000
1099  3.840000
1100  3.800000
1101  3.720000
1102  3.640000
1103  3.580000
1104  3.500000
1105  3.440000
1106  3.360000
1107  3.280000
1108  3.220000
1109  3.120000
1110  3.040000
1111  2.960000
1112  2.880000
1113  2.820000
1114  2.720000
1115  2.660000
1116  2.580000
1117  2.500000
1118  2.420000
1119  2.340000
1120  2.260000
1121  2.180000
1122  2.100000
1123  2.020000
1124  1.940000
1125  1.880000
1126  1.800000
1127  1.720000
1128  1.640000
1129  1.520000
1130  1.480000
1131  1.420000
1132  1.320000
1133  1.240000
1134  1.140000
1135  1.100000
1136  1.040000
1137  0.940000
1138  0.860000
1139  0.780000
1140  0.720000
1141  0.660000
1142  0.560000
1143  0.480000
1144  0.400000
1145  0.340000
1146  0.280000
1147  0.220000
1148  0.200000
1149  0.260000
1150  0.340000
1151  0.400000
1152  0.500000
1153  0.560000
1154  0.620000
1155  0.700000
1156  0.780000
1157  0.860000
1158  0.920000
1159  1.020000
1160  1.040000
1161  1.160000
1162  1.220000
1163  1.320000
1164  1.380000
1165  1.460000
1166  1.540000
1167  1.620000
1168  1.700000
1169  1.760000
1170  1.840000
1171  1.920000
1172  2.000000
1173  2.080000
1174  2.160000
1175  2.240000
1176  2.320000
1177  2.400000
1178  2.480000
1179  2.540000
1180  2.620000
1181  2.700000
1182  2.760000
1183  2.860000
1184  2.920000
1185  3.000000
1186  3.080000
1187  3.160000
1188  3.240000
1189  3.300000
1190  3.360000
1191  3.460000
1192  3.520000
1193  3.600000
1194  3.680000
1195  3.740000
1196  3.820000
1197  3.900000
1198  3.920000
1199  3.820000
1200  3.760000
1201  3.700000
1202  3.620000
1203  3.520000
1204  3.480000
1205  3.400000
1206  3.320000
1207  3.240000
1208  3.180000
1209  3.100000
1210  3.020000
1211  2.920000
1212  2.860000
1213  2.780000
1214  2.720000
1215  2.640000
1216  2.540000
1217  2.480000
1218  2.380000
1219  2.320000
1220  2.240000
1221  2.160000
1222  2.080000
1223  1.980000
1224  1.900000
1225  1.860000
1226  1.780000
1227  1.680000
1228  1.600000
1229  1.520000
1230  1.460000
1231  1.380000
1232  1.300000
1233  1.220000
1234  1.140000
1235  1.060000
1236  1.000000
1237  0.920000
1238  0.840000
1239  0.760000
1240  0.680000
1241  0.600000
1242  0.540000
1243  0.460000
1244  0.380000
1245  0.320000
1246  0.260000
1247  0.200000
1248  0.240000
1249  0.280000
1250  0.360000
1251  0.440000
1252  0.520000
1253  0.580000
1254  0.620000
1255  0.740000
1256  0.820000
1257  0.880000
1258  0.960000
1259  1.020000
1260  1.100000
1261  1.180000
1262  1.260000
1263  1.320000
1264  1.420000
1265  1.500000
1266  1.580000
1267  1.640000
1268  1.720000
1269  1.800000
1270  1.880000
1271  1.960000
1272  2.020000
1273  2.100000
1274  2.180000
1275  2.260000
1276  2.360000
1277  2.400000
1278  2.500000
1279  2.540000
1280  2.640000
1281  2.720000
1282  2.800000
1283  2.860000
1284  2.940000
1285  3.040000
1286  3.120000
1287  3.180000
1288  3.260000
1289  3.320000
1290  3.400000
1291  3.480000
1292  3.540000
1293  3.620000
1294  3.700000
1295  3.780000
1296  3.840000
1297  3.920000
1298  3.900000
1299  3.820000
1300  3.760000
1301  3.660000
1302  3.600000
1303  3.500000
1304  3.420000
1305  3.380000
1306  3.300000
1307  3.220000
1308  3.120000
1309  3.080000
1310  3.000000
1311  2.900000
1312  2.820000
1313  2.760000
1314  2.680000
1315  2.600000
1316  2.520000
1317  2.440000
1318  2.380000
1319  2.280000
1320  2.200000
1321  2.120000
1322  2.080000
1323  1.980000
1324  1.880000
1325  1.820000
1326  1.740000
1327  1.680000
1328  1.580000
1329  1.500000
1330  1.400000
1331  1.360000
1332  1.260000
1333  1.200000
1334  1.100000
1335  1.040000
1336  0.960000
1337  0.900000
1338  0.820000
1339  0.720000
1340  0.660000
1341  0.580000
1342  0.520000
1343  0.420000
1344  0.320000
1345  0.300000
1346  0.240000
1347  0.180000
1348  0.260000
1349  0.320000
1350  0.400000
1351  0.460000
1352  0.520000
1353  0.580000
1354  0.680000
1355  0.780000
1356  0.840000
1357  0.920000
1358  0.980000
1359  1.040000
1360  1.140000
1361  1.200000
1362  1.280000
1363  1.360000
1364  1.440000
1365  1.540000
1366  1.600000
1367  1.680000
1368  1.740000
1369  1.820000
1370  1.900000
1371  1.980000
1372  2.060000
1373  2.140000
1374  2.200000
1375  2.300000
1376  2.380000
1377  2.440000
1378  2.520000
1379  2.600000
1380  2.660000
1381  2.740000
1382  2.840000
1383  2.920000
1384  2.980000
1385  3.060000
1386  3.140000
1387  3.200000
1388  3.280000
1389  3.360000
1390  3.440000
1391  3.500000
1392  3.580000
1393  3.660000
1394  3.740000
1395  3.780000
1396  3.860000
1397  3.940000
1398  3.880000
1399  3.800000
1400  3.720000
1401  3.640000
1402  3.560000
1403  3.480000
1404  3.420000
1405  3.340000
1406  3.280000
1407  3.180000
1408  3.120000
1409  3.020000
1410  2.940000
1411  2.880000
1412  2.800000
1413  2.740000
1414  2.620000
1415  2.580000
1416  2.500000
1417  2.420000
1418  2.320000
1419  2.240000
1420  2.180000
1421  2.100000
1422  2.020000
1423  1.940000
1424  1.860000
1425  1.800000
1426  1.700000
1427  1.640000
1428  1.540000
1429  1.460000
1430  1.400000
1431  1.320000
1432  1.240000
1433  1.160000
1434  1.080000
1435  1.040000
1436  0.940000
1437  0.860000
1438  0.780000
1439  0.700000
1440  0.640000
1441  0.560000
1442  0.480000
1443  0.400000
1444  0.340000
1445  0.280000
1446  0.180000
1447  0.200000
1448  0.260000
1449  0.340000
1450  0.420000
1451  0.480000
1452  0.560000
1453  0.600000
1454  0.700000
1455  0.780000
1456  0.860000
1457  0.940000
1458  0.980000
1459  1.080000
1460  1.160000
1461  1.240000
1462  1.320000
1463  1.380000
1464  1.460000
1465  1.540000
1466  1.620000
1467  1.700000
1468  1.780000
1469  1.860000
1470  1.920000
1471  2.000000
1472  2.080000
1473  2.160000
1474  2.220000
1475  2.320000
1476  2.400000
1477  2.480000
1478  2.540000
1479  2.620000
1480  2.700000
1481  2.780000
1482  2.860000
1483  2.940000
1484  3.020000
1485  3.080000
1486  3.160000
1487  3.240000
1488  3.320000
1489  3.340000
1490  3.460000
1491  3.540000
1492  3.600000
1493  3.660000
1494  3.740000
1495  3.840000
1496  3.920000
1497  3.920000
1498  3.820000
1499  3.760000
1500  3.680000
1501  3.620000
1502  3.540000
1503  3.460000
1504  3.380000
1505  3.320000
1506  3.240000
1507  3.160000
1508  3.080000
1509  3.000000
1510  2.920000
1511  2.840000
1512  2.780000
1513  2.660000
1514  2.600000
1515  2.560000
1516  2.460000
1517  2.380000
1518  2.300000
1519  2.220000
1520  2.140000
1521  2.060000
1522  1.980000
1523  1.880000
1524  1.840000
1525  1.760000
1526  1.680000
1527  1.600000
1528  1.520000
1529  1.460000
1530  1.380000
1531  1.300000
1532  1.220000
1533  1.140000
1534  1.060000
1535  0.980000
1536  0.920000
1537  0.840000
1538  0.740000
1539  0.680000
1540  0.600000
1541  0.540000
1542  0.460000
1543  0.380000
1544  0.280000
1545  0.240000
1546  0.180000
1547  0.240000
1548  0.280000
1549  0.360000
1550  0.420000
1551  0.520000
1552  0.600000
1553  0.640000
1554  0.740000
1555  0.800000
1556  0.900000
1557  0.980000
1558  1.020000
1559  1.100000
1560  1.180000
1561  1.260000
1562  1.360000
1563  1.400000
1564  1.500000
1565  1.580000
1566  1.660000
1567  1.740000
1568  1.800000
1569  1.880000
1570  1.960000
1571  2.020000
1572  2.120000
1573  2.180000
1574  2.260000
1575  2.360000
1576  2.440000
1577  2.500000
1578  2.540000
1579  2.640000
1580  2.740000
1581  2.800000
1582  2.860000
1583  2.940000
1584  3.040000
1585  3.120000
1586  3.200000
1587  3.260000
1588  3.340000
1589  3.420000
1590  3.480000
1591  3.560000
1592  3.640000
1593  3.700000
1594  3.800000
1595  3.860000
1596  3.940000
1597  3.860000
1598  3.820000
1599  3.760000
1600  3.660000
1601  3.560000
1602  3.500000
1603  3.460000
1604  3.380000
1605  3.300000
1606  3.220000
1607  3.140000
1608  3.060000
1609  2.980000
1610  2.880000
1611  2.820000
1612  2.720000
1613  2.660000
1614  2.580000
1615  2.520000
1616  2.440000
1617  2.360000
1618  2.280000
1619  2.200000
1620  2.120000
1621  2.060000
1622  1.960000
1623  1.860000
1624  1.800000
1625  1.740000
1626  1.660000
1627  1.580000
1628  1.480000
1629  1.400000
1630  1.340000
1631  1.260000
1632  1.200000
1633  1.060000
1634  1.000000
1635  0.960000
1636  0.880000
1637  0.820000
1638  0.720000
1639  0.640000
1640  0.580000
1641  0.520000
1642  0.440000
1643  0.340000
1644  0.260000
1645  0.220000
1646  0.200000
1647  0.260000
1648  0.320000
1649  0.380000
1650  0.460000
1651  0.520000
1652  0.620000
1653  0.680000
1654  0.760000
1655  0.860000
1656  0.920000
1657  1.000000
1658  1.060000
1659  1.140000
1660  1.240000
1661  1.280000
1662  1.360000
1663  1.420000
1664  1.540000
1665  1.620000
1666  1.680000
1667  1.740000
1668  1.820000
1669  1.900000
1670  1.980000
1671  2.060000
1672  2.140000
1673  2.180000
1674  2.300000
1675  2.380000
1676  2.460000
1677  2.540000
1678  2.600000
1679  2.660000
1680  2.740000
1681  2.840000
1682  2.920000
1683  3.000000
1684  3.080000
1685  3.140000
1686  3.220000
1687  3.320000
1688  3.380000
1689  3.440000
1690  3.520000
1691  3.580000
1692  3.660000
1693  3.740000
1694  3.820000
1695  3.880000
1696  3.940000
1697  3.860000
1698  3.800000
1699  3.720000
1700  3.640000
1701  3.560000
1702  3.480000
1703  3.420000
1704  3.300000
1705  3.260000
1706  3.180000
1707  3.100000
1708  3.040000
1709  2.960000
1710  2.880000
1711  2.800000
1712  2.720000
1713  2.640000
1714  2.540000
1715  2.500000
1716  2.420000
1717  2.340000
1718  2.260000
1719  2.160000
1720  2.080000
1721  2.020000
1722  1.920000
1723  1.840000
1724  1.760000
1725  1.720000
1726  1.640000
1727  1.540000
1728  1.460000
1729  1.380000
1730  1.320000
1731  1.240000
1732  1.160000
1733  1.080000
1734  1.000000
1735  0.940000
1736  0.860000
1737  0.780000
1738  0.680000
1739  0.620000
1740  0.560000
1741  0.480000
1742  0.400000
1743  0.320000
1744  0.240000
1745  0.200000
1746  0.220000
1747  0.280000
1748  0.340000
1749  0.420000
1750  0.500000
1751  0.560000
1752  0.640000
1753  0.720000
1754  0.800000
1755  0.880000
1756  0.940000
1757  1.020000
1758  1.080000
1759  1.180000
1760  1.240000
1761  1.320000
1762  1.400000
1763  1.460000
1764  1.540000
1765  1.640000
1766  1.700000
1767  1.800000
1768  1.860000
1769  1.920000
1770  2.020000
1771  2.100000
1772  2.180000
1773  2.220000
1774  2.320000
1775  2.400000
1776  2.480000
1777  2.560000
1778  2.640000
1779  2.700000
1780  2.780000
1781  2.860000
1782  2.940000
1783  3.020000
1784  3.100000
1785  3.160000
1786  3.240000
1787  3.340000
1788  3.400000
1789  3.460000
1790  3.540000
1791  3.620000
1792  3.700000
1793  3.760000
1794  3.840000
1795  3.920000
1796  3.920000
1797  3.820000
1798  3.720000
1799  3.680000
1800  3.600000
1801  3.520000
1802  3.460000
1803  3.340000
1804  3.300000
1805  3.240000
1806  3.160000
1807  3.080000
1808  3.000000
1809  2.920000
1810  2.840000
1811  2.780000
1812  2.680000
1813  2.600000
1814  2.540000
1815  2.460000
1816  2.380000
1817  2.300000
1818  2.220000
1819  2.140000
1820  2.060000
1821  1.980000
1822  1.900000
1823  1.800000
1824  1.760000
1825  1.680000
1826  1.600000
1827  1.520000
1828  1.420000
1829  1.360000
1830  1.280000
1831  1.200000
1832  1.140000
1833  1.040000
1834  0.980000
1835  0.900000
1836  0.820000
1837  0.760000
1838  0.660000
1839  0.600000
1840  0.520000
1841  0.440000
1842  0.380000
1843  0.280000
1844  0.240000
1845  0.140000
1846  0.240000
1847  0.340000
1848  0.340000
1849  0.460000
1850  0.520000
1851  0.600000
1852  0.680000
1853  0.700000
1854  0.820000
1855  0.900000
1856  0.980000
1857  1.060000
1858  1.120000
1859  1.180000
1860  1.260000
1861  1.360000
1862  1.440000
1863  1.480000
1864  1.580000
1865  1.660000
1866  1.760000
1867  1.820000
1868  1.880000
1869  1.960000
1870  2.040000
1871  2.120000
1872  2.200000
1873  2.300000
1874  2.360000
1875  2.440000
1876  2.520000
1877  2.580000
1878  2.660000
1879  2.740000
1880  2.820000
1881  2.880000
1882  2.960000
1883  3.040000
1884  3.140000
1885  3.220000
1886  3.280000
1887  3.360000
1888  3.420000
1889  3.500000
1890  3.560000
1891  3.620000
1892  3.720000
1893  3.800000
1894  3.880000
1895  3.940000
1896  3.880000
1897  3.800000
1898  3.720000
1899  3.660000
1900  3.580000
1901  3.500000
1902  3.420000
1903  3.360000
1904  3.260000
1905  3.200000
1906  3.120000
1907  3.060000
1908  2.960000
1909  2.900000
1910  2.800000
1911  2.740000
1912  2.660000
1913  2.540000
1914  2.500000
1915  2.420000
1916  2.360000
1917  2.260000
1918  2.180000
1919  2.120000
1920  2.020000
1921  1.960000
1922  1.880000
1923  1.800000
1924  1.720000
1925  1.640000
1926  1.580000
1927  1.500000
1928  1.420000
1929  1.340000
1930  1.260000
1931  1.180000
1932  1.100000
1933  1.000000
1934  0.960000
1935  0.880000
1936  0.800000
1937  0.720000
1938  0.620000
1939  0.580000
1940  0.500000
1941  0.420000
1942  0.340000
1943  0.260000
1944  0.200000
1945  0.200000
1946  0.260000
1947  0.340000
1948  0.400000
1949  0.480000
1950  0.560000
1951  0.620000
1952  0.700000
1953  0.760000
1954  0.860000
1955  0.940000
1956  1.000000
1957  1.080000
1958  1.140000
1959  1.220000
1960  1.320000
1961  1.360000
1962  1.460000
1963  1.520000
1964  1.620000
1965  1.700000
1966  1.760000
1967  1.820000
1968  1.900000
1969  2.000000
1970  2.080000
1971  2.140000
1972  2.220000
1973  2.300000
1974  2.380000
1975  2.460000
1976  2.540000
1977  2.620000
1978  2.680000
1979  2.780000
1980  2.840000
1981  2.920000
1982  3.000000
1983  3.080000
1984  3.160000
1985  3.220000
1986  3.300000
1987  3.380000
1988  3.460000
1989  3.520000
1990  3.600000
1991  3.660000
1992  3.740000
1993  3.820000
1994  3.900000
1995  3.920000
1996  3.860000
1997  3.800000
1998  3.720000
1999  3.620000
2000  3.540000
2001  3.480000
2002  3.420000
2003  3.280000
2004  3.260000
2005  3.160000
2006  3.100000
2007  3.040000
2008  2.940000
2009  2.860000
2010  2.780000
2011  2.700000
2012  2.640000
2013  2.540000
2014  2.480000
2015  2.400000
2016  2.320000
2017  2.220000
2018  2.160000
2019  2.080000
2020  2.000000
2021  1.940000
2022  1.840000
2023  1.760000
2024  1.700000
2025  1.620000
2026  1.540000
2027  1.460000
2028  1.380000
2029  1.300000
2030  1.240000
2031  1.160000
2032  1.060000
2033  0.980000
2034  0.920000
2035  0.840000
2036  0.780000
2037  0.680000
2038  0.600000
2039  0.560000
2040  0.480000
2041  0.400000
2042  0.320000
2043  0.220000
2044  0.180000
2045  0.220000
2046  0.300000
2047  0.360000
2048  0.000000
