Nama File =kotak5H_1k.dat
Time Samplig =0.0010
1  0.360000
2  2.080000
3  0.300000
4  1.800000
5  1.760000
6  1.720000
7  1.660000
8  1.640000
9  1.580000
10  1.540000
11  1.520000
12  1.500000
13  1.440000
14  1.420000
15  1.380000
16  1.320000
17  1.280000
18  1.260000
19  1.200000
20  1.160000
21  1.120000
22  1.100000
23  1.040000
24  1.020000
25  0.980000
26  0.940000
27  0.900000
28  0.840000
29  0.800000
30  0.780000
31  0.760000
32  0.700000
33  0.680000
34  0.640000
35  0.600000
36  0.560000
37  0.520000
38  0.460000
39  0.440000
40  0.400000
41  0.360000
42  0.340000
43  0.300000
44  0.260000
45  0.220000
46  0.200000
47  0.180000
48  0.180000
49  0.240000
50  0.280000
51  0.320000
52  0.360000
53  0.400000
54  0.420000
55  0.480000
56  0.500000
57  0.540000
58  0.560000
59  0.600000
60  0.640000
61  0.700000
62  0.720000
63  0.760000
64  0.800000
65  0.840000
66  0.880000
67  0.900000
68  0.940000
69  0.960000
70  1.020000
71  1.080000
72  1.100000
73  1.140000
74  1.180000
75  1.240000
76  1.260000
77  1.300000
78  1.340000
79  1.380000
80  1.420000
81  1.440000
82  1.480000
83  1.520000
84  1.560000
85  1.600000
86  1.660000
87  1.680000
88  1.700000
89  1.760000
90  1.800000
91  1.840000
92  1.880000
93  1.920000
94  1.960000
95  2.000000
96  2.040000
97  2.080000
98  2.100000
99  2.140000
100  2.180000
101  2.220000
102  2.260000
103  2.300000
104  2.340000
105  2.380000
106  2.420000
107  2.460000
108  2.500000
109  2.540000
110  2.580000
111  2.620000
112  2.660000
113  2.700000
114  2.740000
115  2.780000
116  2.800000
117  2.860000
118  2.860000
119  2.940000
120  2.960000
121  3.000000
122  3.040000
123  3.080000
124  3.120000
125  3.140000
126  3.200000
127  3.240000
128  3.280000
129  3.300000
130  3.360000
131  3.380000
132  3.440000
133  3.460000
134  3.500000
135  3.540000
136  3.580000
137  3.620000
138  3.660000
139  3.660000
140  3.720000
141  3.740000
142  3.800000
143  3.820000
144  3.860000
145  3.900000
146  3.960000
147  3.900000
148  3.880000
149  3.840000
150  3.800000
151  3.760000
152  3.740000
153  3.680000
154  3.640000
155  3.620000
156  3.560000
157  3.520000
158  3.500000
159  3.460000
160  3.420000
161  3.380000
162  3.340000
163  3.300000
164  3.260000
165  3.220000
166  3.180000
167  3.160000
168  3.100000
169  3.080000
170  3.040000
171  3.000000
172  2.960000
173  2.920000
174  2.860000
175  2.840000
176  2.800000
177  2.780000
178  2.720000
179  2.680000
180  2.660000
181  2.600000
182  2.560000
183  2.500000
184  2.460000
185  2.460000
186  2.400000
187  2.360000
188  2.320000
189  2.280000
190  2.240000
191  2.200000
192  2.180000
193  2.140000
194  2.100000
195  2.060000
196  2.000000
197  1.960000
198  1.920000
199  1.880000
200  1.860000
201  1.820000
202  1.780000
203  1.720000
204  1.700000
205  1.660000
206  1.580000
207  1.580000
208  1.540000
209  1.500000
210  1.480000
211  1.420000
212  1.380000
213  1.360000
214  1.320000
215  1.260000
216  1.220000
217  1.180000
218  1.140000
219  1.100000
220  1.080000
221  1.020000
222  1.000000
223  0.940000
224  0.920000
225  0.880000
226  0.840000
227  0.780000
228  0.740000
229  0.720000
230  0.700000
231  0.640000
232  0.620000
233  0.580000
234  0.540000
235  0.500000
236  0.460000
237  0.400000
238  0.380000
239  0.340000
240  0.320000
241  0.280000
242  0.240000
243  0.200000
244  0.180000
245  0.200000
246  0.200000
247  0.240000
248  0.280000
249  0.340000
250  0.380000
251  0.420000
252  0.460000
253  0.500000
254  0.520000
255  0.540000
256  0.560000
257  0.620000
258  0.660000
259  0.700000
260  0.740000
261  0.780000
262  0.820000
263  0.860000
264  0.900000
265  0.920000
266  0.980000
267  1.000000
268  1.040000
269  1.100000
270  1.140000
271  1.160000
272  1.220000
273  1.260000
274  1.280000
275  1.320000
276  1.340000
277  1.380000
278  1.420000
279  1.480000
280  1.500000
281  1.540000
282  1.580000
283  1.620000
284  1.660000
285  1.720000
286  1.740000
287  1.760000
288  1.840000
289  1.860000
290  1.900000
291  1.940000
292  2.000000
293  2.020000
294  2.080000
295  2.080000
296  2.120000
297  2.160000
298  2.220000
299  2.240000
300  2.280000
301  2.340000
302  2.360000
303  2.400000
304  2.440000
305  2.480000
306  2.520000
307  0.300000
308  2.600000
309  2.640000
310  2.680000
311  2.720000
312  2.740000
313  2.800000
314  2.820000
315  2.860000
316  2.920000
317  2.960000
318  2.980000
319  3.040000
320  3.060000
321  3.100000
322  3.140000
323  3.180000
324  3.220000
325  3.260000
326  3.300000
327  3.320000
328  3.380000
329  3.400000
330  3.440000
331  3.480000
332  3.520000
333  3.560000
334  3.620000
335  3.620000
336  3.660000
337  3.700000
338  3.740000
339  3.780000
340  3.820000
341  3.860000
342  3.880000
343  3.920000
344  3.920000
345  3.900000
346  3.860000
347  3.820000
348  3.780000
349  3.740000
350  3.700000
351  3.680000
352  3.620000
353  3.600000
354  3.560000
355  3.500000
356  3.480000
357  3.440000
358  3.400000
359  3.360000
360  3.320000
361  3.260000
362  3.240000
363  3.200000
364  3.160000
365  3.120000
366  3.100000
367  3.040000
368  3.000000
369  2.980000
370  2.940000
371  2.900000
372  2.860000
373  2.820000
374  2.780000
375  2.740000
376  2.700000
377  2.660000
378  2.620000
379  2.580000
380  2.540000
381  2.500000
382  2.460000
383  2.420000
384  2.380000
385  2.320000
386  2.300000
387  2.260000
388  2.200000
389  2.180000
390  2.160000
391  2.120000
392  2.060000
393  2.020000
394  2.000000
395  1.940000
396  1.900000
397  1.880000
398  1.840000
399  1.800000
400  1.760000
401  1.700000
402  1.660000
403  1.640000
404  1.580000
405  1.540000
406  1.500000
407  1.460000
408  1.440000
409  1.420000
410  1.360000
411  1.320000
412  1.280000
413  1.240000
414  1.200000
415  1.160000
416  1.120000
417  1.080000
418  1.040000
419  1.000000
420  0.960000
421  0.920000
422  0.900000
423  0.860000
424  0.800000
425  0.760000
426  0.720000
427  0.700000
428  0.680000
429  0.620000
430  0.600000
431  0.560000
432  0.520000
433  0.480000
434  0.440000
435  0.400000
436  0.360000
437  0.320000
438  0.300000
439  0.260000
440  0.220000
441  0.180000
442  0.180000
443  0.200000
444  0.240000
445  0.240000
446  0.300000
447  0.380000
448  0.400000
449  0.440000
450  0.480000
451  0.520000
452  0.540000
453  0.580000
454  0.600000
455  0.640000
456  0.700000
457  0.720000
458  0.760000
459  0.800000
460  0.840000
461  0.880000
462  0.920000
463  0.940000
464  0.980000
465  1.020000
466  1.060000
467  1.120000
468  1.160000
469  1.200000
470  1.240000
471  1.280000
472  1.300000
473  1.320000
474  1.360000
475  1.420000
476  1.440000
477  1.500000
478  1.520000
479  1.560000
480  1.600000
481  1.660000
482  1.680000
483  1.720000
484  1.740000
485  1.780000
486  1.840000
487  1.880000
488  1.920000
489  1.980000
490  2.000000
491  2.040000
492  2.060000
493  2.120000
494  2.140000
495  2.200000
496  2.240000
497  2.240000
498  2.300000
499  2.340000
500  2.380000
501  2.420000
502  2.460000
503  2.500000
504  2.540000
505  0.300000
506  2.620000
507  2.660000
508  2.700000
509  2.740000
510  2.780000
511  2.820000
512  2.860000
513  2.880000
514  2.940000
515  2.960000
516  3.000000
517  3.020000
518  3.080000
519  3.120000
520  3.160000
521  3.200000
522  3.240000
523  3.260000
524  3.320000
525  3.340000
526  3.380000
527  3.440000
528  3.480000
529  3.500000
530  3.540000
531  3.600000
532  3.600000
533  3.660000
534  3.700000
535  3.720000
536  3.760000
537  3.800000
538  3.800000
539  3.880000
540  3.920000
541  3.920000
542  3.900000
543  3.880000
544  3.840000
545  3.800000
546  3.760000
547  3.720000
548  3.680000
549  3.640000
550  3.600000
551  3.560000
552  3.540000
553  3.500000
554  3.460000
555  3.400000
556  3.400000
557  3.320000
558  3.300000
559  3.260000
560  3.220000
561  3.180000
562  3.140000
563  3.120000
564  3.060000
565  3.020000
566  2.980000
567  2.960000
568  2.920000
569  2.860000
570  2.840000
571  2.780000
572  2.760000
573  2.700000
574  2.640000
575  2.620000
576  2.600000
577  2.560000
578  2.520000
579  2.480000
580  2.460000
581  2.400000
582  2.340000
583  2.320000
584  2.280000
585  2.200000
586  2.220000
587  2.160000
588  2.120000
589  2.100000
590  2.060000
591  2.000000
592  1.960000
593  1.920000
594  1.880000
595  1.840000
596  1.820000
597  1.760000
598  1.720000
599  1.680000
600  1.640000
601  1.620000
602  1.580000
603  1.540000
604  1.500000
605  1.460000
606  1.420000
607  1.400000
608  1.340000
609  1.320000
610  1.260000
611  1.240000
612  1.180000
613  1.120000
614  1.100000
615  1.060000
616  1.020000
617  0.980000
618  0.960000
619  0.900000
620  0.880000
621  0.840000
622  0.780000
623  0.740000
624  0.720000
625  0.660000
626  0.640000
627  0.620000
628  0.580000
629  0.540000
630  0.500000
631  0.460000
632  0.400000
633  0.400000
634  0.320000
635  0.320000
636  0.280000
637  0.240000
638  0.200000
639  0.160000
640  0.200000
641  0.240000
642  0.260000
643  0.280000
644  0.320000
645  0.380000
646  0.420000
647  0.460000
648  0.500000
649  0.540000
650  0.560000
651  0.600000
652  0.620000
653  0.660000
654  0.700000
655  0.740000
656  0.760000
657  0.820000
658  0.860000
659  0.900000
660  0.940000
661  0.980000
662  1.000000
663  1.040000
664  1.100000
665  1.140000
666  1.160000
667  1.220000
668  1.240000
669  1.300000
670  1.320000
671  1.360000
672  1.380000
673  1.440000
674  1.480000
675  1.520000
676  1.560000
677  1.580000
678  1.620000
679  1.660000
680  1.700000
681  1.740000
682  1.780000
683  1.820000
684  1.860000
685  1.920000
686  1.960000
687  1.980000
688  2.020000
689  2.060000
690  2.100000
691  2.140000
692  2.180000
693  2.180000
694  2.240000
695  2.300000
696  2.320000
697  2.380000
698  2.420000
699  2.460000
700  2.480000
701  2.520000
702  2.540000
703  2.600000
704  2.660000
705  2.680000
706  2.720000
707  2.760000
708  2.800000
709  2.840000
710  2.880000
711  2.920000
712  2.940000
713  3.000000
714  3.040000
715  3.060000
716  3.100000
717  3.160000
718  3.180000
719  3.220000
720  3.260000
721  3.300000
722  3.320000
723  3.380000
724  3.420000
725  3.440000
726  3.500000
727  3.520000
728  3.560000
729  3.600000
730  3.640000
731  3.680000
732  3.720000
733  3.760000
734  3.780000
735  3.820000
736  3.860000
737  3.880000
738  3.920000
739  3.920000
740  3.860000
741  3.820000
742  3.820000
743  3.780000
744  3.740000
745  3.700000
746  3.660000
747  3.620000
748  3.580000
749  3.560000
750  3.500000
751  3.480000
752  3.420000
753  3.380000
754  3.360000
755  3.300000
756  3.280000
757  3.240000
758  3.200000
759  3.160000
760  3.140000
761  3.060000
762  3.040000
763  3.000000
764  2.960000
765  2.940000
766  2.900000
767  2.860000
768  2.820000
769  2.780000
770  2.740000
771  2.680000
772  2.640000
773  2.620000
774  2.560000
775  2.540000
776  2.500000
777  2.460000
778  2.420000
779  2.380000
780  2.340000
781  2.300000
782  2.240000
783  2.220000
784  2.180000
785  2.160000
786  2.100000
787  2.060000
788  2.020000
789  1.980000
790  1.940000
791  1.900000
792  1.860000
793  1.820000
794  1.800000
795  1.740000
796  1.700000
797  1.660000
798  1.620000
799  1.580000
800  1.560000
801  1.520000
802  1.460000
803  1.420000
804  1.380000
805  1.360000
806  1.320000
807  1.300000
808  1.240000
809  1.200000
810  1.180000
811  1.140000
812  1.060000
813  1.040000
814  1.000000
815  0.960000
816  0.920000
817  0.860000
818  0.840000
819  0.820000
820  0.760000
821  0.720000
822  0.700000
823  0.660000
824  0.620000
825  0.600000
826  0.560000
827  0.520000
828  0.480000
829  0.440000
830  0.380000
831  0.340000
832  0.320000
833  0.280000
834  0.260000
835  0.220000
836  0.180000
837  0.180000
838  0.220000
839  0.260000
840  0.280000
841  0.300000
842  0.360000
843  0.380000
844  0.440000
845  0.480000
846  0.520000
847  0.560000
848  0.600000
849  0.620000
850  0.620000
851  0.680000
852  0.720000
853  0.760000
854  0.800000
855  0.840000
856  0.880000
857  0.940000
858  0.960000
859  1.000000
860  1.040000
861  1.080000
862  1.100000
863  1.160000
864  1.220000
865  1.220000
866  1.260000
867  1.300000
868  1.340000
869  1.400000
870  1.400000
871  1.460000
872  1.500000
873  1.540000
874  1.580000
875  1.620000
876  1.640000
877  1.680000
878  1.720000
879  1.780000
880  1.800000
881  1.840000
882  1.840000
883  1.940000
884  1.960000
885  2.000000
886  2.040000
887  2.080000
888  2.120000
889  2.160000
890  2.200000
891  2.220000
892  2.280000
893  2.300000
894  2.340000
895  2.400000
896  2.420000
897  2.480000
898  2.500000
899  2.540000
900  0.300000
901  2.620000
902  2.660000
903  2.720000
904  2.740000
905  2.800000
906  2.840000
907  2.860000
908  2.900000
909  2.940000
910  2.960000
911  3.000000
912  3.060000
913  3.080000
914  3.120000
915  3.180000
916  3.200000
917  3.240000
918  3.280000
919  3.300000
920  3.360000
921  3.400000
922  3.440000
923  3.480000
924  3.500000
925  3.560000
926  3.580000
927  3.620000
928  3.660000
929  3.700000
930  3.740000
931  3.760000
932  3.820000
933  3.840000
934  3.880000
935  3.920000
936  3.940000
937  3.900000
938  3.860000
939  3.820000
940  3.780000
941  3.760000
942  3.700000
943  3.680000
944  3.640000
945  3.600000
946  3.560000
947  3.520000
948  3.480000
949  3.440000
950  3.440000
951  3.360000
952  3.320000
953  3.300000
954  3.240000
955  3.220000
956  3.180000
957  3.140000
958  3.100000
959  3.080000
960  3.020000
961  2.980000
962  2.940000
963  2.900000
964  2.880000
965  2.840000
966  2.800000
967  2.740000
968  2.720000
969  2.660000
970  2.640000
971  2.600000
972  2.560000
973  2.520000
974  2.480000
975  2.440000
976  2.380000
977  2.360000
978  2.320000
979  2.260000
980  2.240000
981  2.200000
982  2.160000
983  2.120000
984  2.080000
985  2.060000
986  2.000000
987  1.980000
988  1.920000
989  1.880000
990  1.840000
991  1.800000
992  1.760000
993  1.720000
994  1.680000
995  1.640000
996  1.600000
997  1.580000
998  1.520000
999  1.480000
1000  1.440000
1001  1.420000
1002  1.380000
1003  1.340000
1004  1.300000
1005  1.260000
1006  1.220000
1007  1.180000
1008  1.140000
1009  1.100000
1010  1.020000
1011  1.020000
1012  0.980000
1013  0.940000
1014  0.900000
1015  0.880000
1016  0.820000
1017  0.780000
1018  0.740000
1019  0.680000
1020  0.680000
1021  0.640000
1022  0.600000
1023  0.560000
1024  0.540000
1025  0.500000
1026  0.460000
1027  0.420000
1028  0.380000
1029  0.340000
1030  0.300000
1031  0.280000
1032  0.220000
1033  0.220000
1034  0.180000
1035  0.200000
1036  0.240000
1037  0.260000
1038  0.300000
1039  0.340000
1040  0.380000
1041  0.400000
1042  0.460000
1043  0.500000
1044  0.540000
1045  0.580000
1046  0.620000
1047  0.640000
1048  0.640000
1049  0.680000
1050  0.740000
1051  0.780000
1052  0.840000
1053  0.860000
1054  0.900000
1055  0.940000
1056  0.980000
1057  1.020000
1058  1.060000
1059  1.080000
1060  1.100000
1061  1.180000
1062  1.220000
1063  1.240000
1064  1.300000
1065  1.340000
1066  1.380000
1067  1.400000
1068  1.440000
1069  1.480000
1070  1.520000
1071  1.560000
1072  1.580000
1073  1.620000
1074  1.680000
1075  1.700000
1076  1.740000
1077  1.800000
1078  1.820000
1079  1.860000
1080  1.900000
1081  1.940000
1082  1.980000
1083  2.040000
1084  2.080000
1085  2.100000
1086  2.160000
1087  2.180000
1088  2.220000
1089  2.260000
1090  2.320000
1091  2.340000
1092  2.380000
1093  2.420000
1094  2.460000
1095  2.500000
1096  2.540000
1097  0.300000
1098  2.600000
1099  2.640000
1100  2.680000
1101  2.740000
1102  2.780000
1103  2.820000
1104  2.840000
1105  2.880000
1106  2.920000
1107  2.940000
1108  3.000000
1109  3.040000
1110  3.080000
1111  3.120000
1112  3.140000
1113  3.180000
1114  3.220000
1115  3.260000
1116  3.300000
1117  3.340000
1118  3.380000
1119  3.420000
1120  3.440000
1121  3.500000
1122  3.520000
1123  3.580000
1124  3.600000
1125  3.640000
1126  3.680000
1127  3.720000
1128  3.760000
1129  3.780000
1130  3.820000
1131  3.860000
1132  3.900000
1133  3.940000
1134  3.880000
1135  3.880000
1136  3.820000
1137  3.800000
1138  3.760000
1139  3.740000
1140  3.680000
1141  3.660000
1142  3.620000
1143  3.580000
1144  3.540000
1145  3.500000
1146  3.460000
1147  3.420000
1148  3.380000
1149  3.340000
1150  3.300000
1151  3.280000
1152  3.240000
1153  3.180000
1154  3.160000
1155  3.120000
1156  3.080000
1157  3.040000
1158  3.020000
1159  2.960000
1160  2.920000
1161  2.900000
1162  2.840000
1163  2.800000
1164  2.780000
1165  2.740000
1166  2.680000
1167  2.660000
1168  2.580000
1169  2.540000
1170  2.520000
1171  2.480000
1172  2.440000
1173  2.420000
1174  2.360000
1175  2.340000
1176  2.300000
1177  2.260000
1178  2.220000
1179  2.180000
1180  2.140000
1181  2.100000
1182  2.060000
1183  2.020000
1184  1.980000
1185  1.940000
1186  1.900000
1187  1.860000
1188  1.820000
1189  1.780000
1190  1.740000
1191  1.700000
1192  1.680000
1193  1.620000
1194  1.580000
1195  1.540000
1196  1.520000
1197  1.440000
1198  1.420000
1199  1.380000
1200  1.340000
1201  1.300000
1202  1.260000
1203  1.240000
1204  1.200000
1205  1.160000
1206  1.100000
1207  1.060000
1208  1.020000
1209  1.000000
1210  0.960000
1211  0.920000
1212  0.880000
1213  0.840000
1214  0.800000
1215  0.760000
1216  0.740000
1217  0.680000
1218  0.620000
1219  0.600000
1220  0.580000
1221  0.560000
1222  0.500000
1223  0.480000
1224  0.440000
1225  0.400000
1226  0.360000
1227  0.300000
1228  0.260000
1229  0.240000
1230  0.200000
1231  0.180000
1232  0.200000
1233  0.220000
1234  0.260000
1235  0.300000
1236  0.320000
1237  0.360000
1238  0.380000
1239  0.440000
1240  0.480000
1241  0.540000
1242  0.560000
1243  0.600000
1244  0.640000
1245  0.660000
1246  0.680000
1247  0.740000
1248  0.760000
1249  0.780000
1250  0.860000
1251  0.880000
1252  0.920000
1253  0.960000
1254  1.000000
1255  1.040000
1256  1.060000
1257  1.120000
1258  1.140000
1259  1.200000
1260  1.240000
1261  1.260000
1262  1.320000
1263  1.360000
1264  1.400000
1265  1.440000
1266  1.480000
1267  1.500000
1268  1.540000
1269  1.580000
1270  1.620000
1271  1.660000
1272  1.700000
1273  1.740000
1274  1.780000
1275  1.820000
1276  1.840000
1277  1.900000
1278  1.920000
1279  1.980000
1280  2.000000
1281  2.060000
1282  2.100000
1283  2.140000
1284  2.160000
1285  2.180000
1286  2.220000
1287  2.260000
1288  2.320000
1289  2.360000
1290  2.400000
1291  2.420000
1292  2.480000
1293  2.500000
1294  2.540000
1295  2.580000
1296  2.620000
1297  2.660000
1298  2.720000
1299  2.740000
1300  2.800000
1301  2.800000
1302  2.860000
1303  2.900000
1304  2.940000
1305  2.980000
1306  3.020000
1307  3.080000
1308  3.080000
1309  3.120000
1310  3.180000
1311  3.200000
1312  3.240000
1313  3.300000
1314  3.320000
1315  3.360000
1316  3.400000
1317  3.440000
1318  3.480000
1319  3.520000
1320  3.540000
1321  3.600000
1322  3.620000
1323  3.680000
1324  3.700000
1325  3.760000
1326  3.780000
1327  3.820000
1328  3.860000
1329  3.880000
1330  3.920000
1331  3.940000
1332  3.900000
1333  3.860000
1334  3.820000
1335  3.780000
1336  3.740000
1337  3.720000
1338  3.680000
1339  3.640000
1340  3.600000
1341  3.560000
1342  3.520000
1343  3.480000
1344  3.420000
1345  3.420000
1346  3.360000
1347  3.340000
1348  3.300000
1349  3.240000
1350  3.220000
1351  3.160000
1352  3.120000
1353  3.100000
1354  3.060000
1355  3.020000
1356  2.980000
1357  2.960000
1358  2.900000
1359  2.880000
1360  2.820000
1361  2.780000
1362  2.760000
1363  2.720000
1364  2.660000
1365  2.620000
1366  2.580000
1367  2.540000
1368  2.500000
1369  2.460000
1370  2.420000
1371  2.400000
1372  2.340000
1373  2.300000
1374  2.260000
1375  2.220000
1376  2.180000
1377  2.140000
1378  2.120000
1379  2.080000
1380  2.040000
1381  2.020000
1382  1.960000
1383  1.920000
1384  1.860000
1385  1.840000
1386  1.780000
1387  1.760000
1388  1.720000
1389  1.680000
1390  1.640000
1391  1.580000
1392  1.560000
1393  1.520000
1394  1.480000
1395  1.440000
1396  1.400000
1397  1.360000
1398  1.340000
1399  1.300000
1400  1.260000
1401  1.200000
1402  1.180000
1403  1.140000
1404  1.100000
1405  1.040000
1406  1.020000
1407  0.960000
1408  0.940000
1409  0.900000
1410  0.860000
1411  0.820000
1412  0.780000
1413  0.760000
1414  0.720000
1415  0.660000
1416  0.620000
1417  0.580000
1418  0.560000
1419  0.520000
1420  0.480000
1421  0.460000
1422  0.420000
1423  0.380000
1424  0.340000
1425  0.280000
1426  0.260000
1427  0.220000
1428  0.200000
1429  0.180000
1430  0.220000
1431  0.260000
1432  0.280000
1433  0.320000
1434  0.340000
1435  0.360000
1436  0.400000
1437  0.460000
1438  0.500000
1439  0.540000
1440  0.600000
1441  0.620000
1442  0.640000
1443  0.680000
1444  0.720000
1445  0.740000
1446  0.780000
1447  0.820000
1448  0.840000
1449  0.900000
1450  0.940000
1451  0.980000
1452  1.020000
1453  1.080000
1454  1.080000
1455  1.120000
1456  1.180000
1457  1.200000
1458  1.260000
1459  1.320000
1460  1.340000
1461  1.360000
1462  1.420000
1463  1.460000
1464  1.500000
1465  1.520000
1466  1.540000
1467  1.600000
1468  1.640000
1469  1.660000
1470  1.720000
1471  1.760000
1472  1.800000
1473  1.840000
1474  1.880000
1475  1.900000
1476  1.940000
1477  2.000000
1478  2.020000
1479  2.080000
1480  2.120000
1481  2.160000
1482  2.180000
1483  2.220000
1484  2.260000
1485  2.280000
1486  2.340000
1487  2.400000
1488  2.420000
1489  2.460000
1490  2.500000
1491  2.520000
1492  2.580000
1493  2.620000
1494  2.660000
1495  2.700000
1496  2.740000
1497  2.760000
1498  2.800000
1499  2.840000
1500  2.880000
1501  2.920000
1502  2.980000
1503  3.000000
1504  3.040000
1505  3.100000
1506  3.080000
1507  3.160000
1508  3.180000
1509  3.240000
1510  3.260000
1511  3.300000
1512  3.340000
1513  3.380000
1514  3.420000
1515  3.460000
1516  3.480000
1517  3.520000
1518  3.580000
1519  3.600000
1520  3.660000
1521  3.700000
1522  3.740000
1523  3.760000
1524  3.800000
1525  3.820000
1526  3.860000
1527  3.900000
1528  3.940000
1529  3.900000
1530  3.880000
1531  3.820000
1532  3.800000
1533  3.740000
1534  3.720000
1535  3.700000
1536  3.660000
1537  3.620000
1538  3.580000
1539  3.540000
1540  3.500000
1541  3.460000
1542  3.420000
1543  3.380000
1544  3.340000
1545  3.300000
1546  3.280000
1547  3.220000
1548  3.180000
1549  3.160000
1550  3.100000
1551  3.080000
1552  3.040000
1553  3.000000
1554  2.960000
1555  2.920000
1556  2.880000
1557  2.840000
1558  2.800000
1559  2.780000
1560  2.720000
1561  2.720000
1562  2.660000
1563  2.620000
1564  2.540000
1565  2.540000
1566  2.480000
1567  2.440000
1568  2.400000
1569  2.380000
1570  2.340000
1571  2.300000
1572  2.240000
1573  2.220000
1574  2.180000
1575  2.140000
1576  2.100000
1577  2.060000
1578  2.020000
1579  1.980000
1580  1.940000
1581  1.880000
1582  1.860000
1583  1.820000
1584  1.780000
1585  1.720000
1586  1.700000
1587  1.660000
1588  1.620000
1589  1.580000
1590  1.540000
1591  1.500000
1592  1.480000
1593  1.420000
1594  1.360000
1595  1.340000
1596  1.300000
1597  1.260000
1598  1.240000
1599  1.200000
1600  1.140000
1601  1.120000
1602  1.100000
1603  1.040000
1604  1.000000
1605  0.940000
1606  0.900000
1607  0.880000
1608  0.840000
1609  0.800000
1610  0.740000
1611  0.740000
1612  0.700000
1613  0.640000
1614  0.600000
1615  0.560000
1616  0.520000
1617  0.520000
1618  0.480000
1619  0.440000
1620  0.400000
1621  0.360000
1622  0.320000
1623  0.280000
1624  0.220000
1625  0.200000
1626  0.180000
1627  0.200000
1628  0.220000
1629  0.280000
1630  0.300000
1631  0.340000
1632  0.360000
1633  0.400000
1634  0.420000
1635  0.480000
1636  0.520000
1637  0.560000
1638  0.600000
1639  0.640000
1640  0.660000
1641  0.700000
1642  0.740000
1643  0.780000
1644  0.800000
1645  0.840000
1646  0.880000
1647  0.920000
1648  0.960000
1649  1.000000
1650  1.040000
1651  1.080000
1652  1.120000
1653  1.160000
1654  1.180000
1655  1.220000
1656  1.280000
1657  1.320000
1658  1.360000
1659  1.400000
1660  1.440000
1661  1.480000
1662  1.500000
1663  1.540000
1664  1.580000
1665  1.600000
1666  1.660000
1667  1.700000
1668  1.740000
1669  1.780000
1670  1.820000
1671  1.860000
1672  1.880000
1673  1.940000
1674  1.960000
1675  2.020000
1676  2.060000
1677  2.100000
1678  2.140000
1679  2.180000
1680  2.200000
1681  2.240000
1682  2.280000
1683  2.320000
1684  2.340000
1685  2.420000
1686  2.440000
1687  2.480000
1688  2.520000
1689  2.540000
1690  2.600000
1691  2.640000
1692  2.680000
1693  2.700000
1694  2.740000
1695  2.800000
1696  2.820000
1697  2.860000
1698  2.920000
1699  2.940000
1700  2.980000
1701  3.040000
1702  3.060000
1703  3.100000
1704  3.140000
1705  3.180000
1706  3.200000
1707  3.260000
1708  3.280000
1709  3.320000
1710  3.360000
1711  3.400000
1712  3.420000
1713  3.480000
1714  3.520000
1715  3.540000
1716  3.600000
1717  3.640000
1718  3.660000
1719  3.720000
1720  3.760000
1721  3.780000
1722  3.820000
1723  3.860000
1724  3.880000
1725  3.940000
1726  3.920000
1727  3.880000
1728  3.860000
1729  3.820000
1730  3.780000
1731  3.740000
1732  3.720000
1733  3.680000
1734  3.640000
1735  3.600000
1736  3.560000
1737  3.520000
1738  3.480000
1739  3.460000
1740  3.400000
1741  3.360000
1742  3.340000
1743  3.300000
1744  3.240000
1745  3.200000
1746  3.160000
1747  3.140000
1748  3.120000
1749  3.040000
1750  3.020000
1751  2.980000
1752  2.940000
1753  2.880000
1754  2.860000
1755  2.820000
1756  2.780000
1757  2.740000
1758  2.720000
1759  2.660000
1760  2.640000
1761  2.580000
1762  2.520000
1763  2.500000
1764  2.460000
1765  2.420000
1766  2.380000
1767  2.320000
1768  2.300000
1769  2.280000
1770  2.220000
1771  2.180000
1772  2.160000
1773  2.100000
1774  2.060000
1775  2.040000
1776  2.000000
1777  1.960000
1778  1.900000
1779  1.880000
1780  1.800000
1781  1.800000
1782  1.760000
1783  1.720000
1784  1.660000
1785  1.620000
1786  1.580000
1787  1.560000
1788  1.520000
1789  1.480000
1790  1.440000
1791  1.400000
1792  1.360000
1793  1.320000
1794  1.280000
1795  1.240000
1796  1.200000
1797  1.160000
1798  1.140000
1799  1.080000
1800  1.060000
1801  1.020000
1802  0.940000
1803  0.920000
1804  0.900000
1805  0.840000
1806  0.820000
1807  0.780000
1808  0.740000
1809  0.700000
1810  0.660000
1811  0.620000
1812  0.560000
1813  0.540000
1814  0.520000
1815  0.500000
1816  0.460000
1817  0.420000
1818  0.380000
1819  0.340000
1820  0.300000
1821  0.260000
1822  0.220000
1823  0.180000
1824  0.180000
1825  0.220000
1826  0.260000
1827  0.280000
1828  0.320000
1829  0.360000
1830  0.400000
1831  0.420000
1832  0.440000
1833  0.480000
1834  0.540000
1835  0.560000
1836  0.600000
1837  0.660000
1838  0.700000
1839  0.720000
1840  0.780000
1841  0.780000
1842  0.820000
1843  0.880000
1844  0.900000
1845  0.940000
1846  0.980000
1847  1.020000
1848  1.060000
1849  1.100000
1850  1.140000
1851  1.180000
1852  1.200000
1853  1.220000
1854  1.280000
1855  1.340000
1856  1.380000
1857  1.420000
1858  1.460000
1859  1.500000
1860  1.540000
1861  1.560000
1862  1.600000
1863  1.620000
1864  1.680000
1865  1.720000
1866  1.760000
1867  1.780000
1868  1.840000
1869  1.880000
1870  1.900000
1871  1.940000
1872  2.000000
1873  2.020000
1874  2.080000
1875  2.120000
1876  2.160000
1877  2.200000
1878  2.220000
1879  2.260000
1880  2.280000
1881  2.340000
1882  2.380000
1883  2.420000
1884  2.460000
1885  2.500000
1886  2.520000
1887  2.580000
1888  2.620000
1889  2.660000
1890  2.700000
1891  2.720000
1892  2.760000
1893  2.820000
1894  2.860000
1895  2.900000
1896  2.940000
1897  2.980000
1898  3.020000
1899  3.060000
1900  3.080000
1901  3.120000
1902  3.160000
1903  3.200000
1904  3.220000
1905  3.260000
1906  3.320000
1907  3.340000
1908  3.380000
1909  3.420000
1910  3.460000
1911  3.500000
1912  3.540000
1913  3.580000
1914  3.620000
1915  3.660000
1916  3.680000
1917  3.720000
1918  3.780000
1919  3.800000
1920  3.820000
1921  3.860000
1922  3.920000
1923  3.940000
1924  3.900000
1925  3.860000
1926  3.820000
1927  3.800000
1928  3.760000
1929  3.720000
1930  3.700000
1931  3.660000
1932  3.620000
1933  3.560000
1934  3.540000
1935  3.500000
1936  3.460000
1937  3.420000
1938  3.380000
1939  3.340000
1940  3.320000
1941  3.260000
1942  3.200000
1943  3.180000
1944  3.140000
1945  3.100000
1946  3.080000
1947  3.040000
1948  2.980000
1949  2.940000
1950  2.900000
1951  2.860000
1952  2.840000
1953  2.800000
1954  2.760000
1955  2.720000
1956  2.700000
1957  2.640000
1958  2.600000
1959  2.560000
1960  2.520000
1961  2.500000
1962  2.460000
1963  2.400000
1964  2.360000
1965  2.320000
1966  2.280000
1967  2.240000
1968  2.200000
1969  2.160000
1970  2.080000
1971  2.080000
1972  2.040000
1973  2.000000
1974  1.980000
1975  1.920000
1976  1.900000
1977  1.860000
1978  1.820000
1979  1.780000
1980  1.740000
1981  1.680000
1982  1.660000
1983  1.620000
1984  1.580000
1985  1.520000
1986  1.500000
1987  1.460000
1988  1.420000
1989  1.380000
1990  1.340000
1991  1.280000
1992  1.260000
1993  1.220000
1994  1.180000
1995  1.160000
1996  1.120000
1997  1.080000
1998  1.040000
1999  1.000000
2000  0.940000
2001  0.900000
2002  0.880000
2003  0.840000
2004  0.800000
2005  0.760000
2006  0.720000
2007  0.680000
2008  0.660000
2009  0.600000
2010  0.560000
2011  0.520000
2012  0.500000
2013  0.460000
2014  0.420000
2015  0.400000
2016  0.360000
2017  0.320000
2018  0.280000
2019  0.240000
2020  0.200000
2021  0.180000
2022  0.200000
2023  0.220000
2024  0.280000
2025  0.300000
2026  0.320000
2027  0.380000
2028  0.400000
2029  0.440000
2030  0.480000
2031  0.500000
2032  0.540000
2033  0.620000
2034  0.620000
2035  0.680000
2036  0.720000
2037  0.760000
2038  0.780000
2039  0.820000
2040  0.860000
2041  0.900000
2042  0.920000
2043  0.980000
2044  1.020000
2045  1.060000
2046  1.080000
2047  1.120000
2048  0.000000
