Nama File =sin100H_100.dat
Time Samplig =0.0100
1  3.700000
2  2.080000
3  0.300000
4  1.080000
5  0.960000
6  0.840000
7  0.740000
8  0.620000
9  0.540000
10  0.460000
11  0.400000
12  0.320000
13  0.300000
14  0.260000
15  0.260000
16  0.260000
17  0.280000
18  0.300000
19  0.340000
20  0.420000
21  0.480000
22  0.560000
23  0.660000
24  0.760000
25  0.880000
26  1.000000
27  1.140000
28  1.280000
29  1.420000
30  1.580000
31  1.740000
32  1.880000
33  2.040000
34  2.200000
35  2.360000
36  2.500000
37  2.660000
38  2.800000
39  2.960000
40  3.080000
41  3.220000
42  3.320000
43  3.420000
44  3.520000
45  3.620000
46  3.680000
47  3.740000
48  3.780000
49  3.820000
50  3.820000
51  3.860000
52  3.820000
53  3.800000
54  3.760000
55  3.720000
56  3.660000
57  3.580000
58  3.480000
59  3.400000
60  3.280000
61  3.180000
62  3.040000
63  2.900000
64  2.760000
65  2.620000
66  2.480000
67  2.320000
68  2.160000
69  2.000000
70  1.840000
71  1.700000
72  1.540000
73  1.380000
74  1.260000
75  1.140000
76  0.980000
77  0.860000
78  0.720000
79  0.640000
80  0.560000
81  0.460000
82  0.400000
83  0.340000
84  0.300000
85  0.280000
86  0.280000
87  0.260000
88  0.280000
89  0.300000
90  0.360000
91  0.400000
92  0.480000
93  0.560000
94  0.640000
95  0.760000
96  0.880000
97  1.000000
98  1.140000
99  1.260000
100  1.440000
101  1.560000
102  1.700000
103  1.880000
104  2.020000
105  2.180000
106  2.360000
107  2.480000
108  2.640000
109  2.780000
110  2.940000
111  3.060000
112  3.180000
113  3.300000
114  3.420000
115  3.500000
116  3.600000
117  3.660000
118  3.740000
119  3.780000
120  3.820000
121  0.300000
122  3.860000
123  3.820000
124  3.820000
125  3.760000
126  3.720000
127  3.660000
128  3.580000
129  3.500000
130  3.420000
131  3.320000
132  3.180000
133  3.080000
134  2.940000
135  2.780000
136  2.640000
137  2.500000
138  2.340000
139  2.180000
140  2.020000
141  1.880000
142  1.720000
143  1.560000
144  1.440000
145  1.280000
146  1.140000
147  1.020000
148  0.880000
149  0.760000
150  0.660000
151  0.580000
152  0.480000
153  0.420000
154  0.360000
155  0.320000
156  0.300000
157  0.280000
158  0.260000
159  0.280000
160  0.300000
161  0.340000
162  0.400000
163  0.460000
164  0.540000
165  0.620000
166  0.740000
167  0.860000
168  0.980000
169  1.080000
170  1.240000
171  1.380000
172  1.540000
173  1.680000
174  1.840000
175  2.020000
176  2.160000
177  2.320000
178  2.480000
179  2.620000
180  2.760000
181  2.900000
182  3.040000
183  3.160000
184  3.280000
185  3.400000
186  3.500000
187  3.580000
188  3.660000
189  3.720000
190  3.780000
191  3.820000
192  0.300000
193  3.860000
194  3.800000
195  3.800000
196  3.800000
197  3.740000
198  3.700000
199  3.600000
200  3.520000
201  3.440000
202  3.320000
203  3.220000
204  3.080000
205  2.960000
206  2.820000
207  2.680000
208  2.540000
209  2.380000
210  2.220000
211  2.080000
212  1.900000
213  1.760000
214  1.620000
215  1.460000
216  1.320000
217  1.180000
218  1.040000
219  0.900000
220  0.780000
221  0.680000
222  0.600000
223  0.500000
224  0.440000
225  0.380000
226  0.340000
227  0.280000
228  0.260000
229  0.260000
230  0.260000
231  0.280000
232  0.340000
233  0.380000
234  0.460000
235  0.520000
236  0.600000
237  0.720000
238  0.800000
239  0.940000
240  1.080000
241  1.200000
242  1.360000
243  1.500000
244  1.640000
245  1.780000
246  1.960000
247  2.120000
248  2.280000
249  2.440000
250  2.580000
251  2.720000
252  2.860000
253  3.020000
254  3.140000
255  3.260000
256  3.380000
257  3.480000
258  3.560000
259  3.640000
260  3.720000
261  3.760000
262  3.800000
263  3.820000
264  0.300000
265  3.840000
266  3.820000
267  3.800000
268  3.760000
269  3.700000
270  3.640000
271  3.540000
272  3.460000
273  3.360000
274  3.240000
275  3.120000
276  2.980000
277  2.840000
278  2.700000
279  2.560000
280  2.400000
281  2.240000
282  2.100000
283  1.960000
284  1.780000
285  1.620000
286  1.480000
287  1.340000
288  1.200000
289  1.060000
290  0.920000
291  0.820000
292  0.700000
293  0.600000
294  0.520000
295  0.440000
296  0.380000
297  0.340000
298  0.280000
299  0.260000
300  0.240000
301  0.260000
302  0.280000
303  0.340000
304  0.380000
305  0.460000
306  0.520000
307  0.600000
308  0.700000
309  0.820000
310  0.920000
311  1.040000
312  1.180000
313  1.320000
314  1.460000
315  1.620000
316  1.780000
317  1.940000
318  2.080000
319  2.260000
320  2.400000
321  2.540000
322  2.700000
323  2.840000
324  2.980000
325  3.120000
326  3.260000
327  3.360000
328  3.460000
329  3.540000
330  3.640000
331  3.700000
332  3.760000
333  3.800000
334  3.840000
335  3.860000
336  3.840000
337  3.820000
338  3.820000
339  3.780000
340  3.700000
341  3.640000
342  3.560000
343  3.460000
344  3.360000
345  3.240000
346  3.120000
347  3.000000
348  2.860000
349  2.720000
350  2.580000
351  2.420000
352  2.280000
353  2.120000
354  1.960000
355  1.800000
356  1.660000
357  1.500000
358  1.360000
359  1.200000
360  1.080000
361  0.940000
362  0.820000
363  0.720000
364  0.620000
365  0.520000
366  0.460000
367  0.400000
368  0.340000
369  0.300000
370  0.280000
371  0.260000
372  0.260000
373  0.300000
374  0.320000
375  0.360000
376  0.440000
377  0.500000
378  0.600000
379  0.680000
380  0.800000
381  0.920000
382  1.040000
383  1.160000
384  1.300000
385  1.460000
386  1.620000
387  1.760000
388  1.920000
389  2.080000
390  2.240000
391  2.400000
392  2.540000
393  2.700000
394  2.840000
395  2.980000
396  3.120000
397  3.240000
398  3.360000
399  3.460000
400  3.560000
401  3.640000
402  3.700000
403  3.760000
404  3.800000
405  3.840000
406  3.860000
407  3.840000
408  3.820000
409  3.800000
410  3.760000
411  3.700000
412  3.640000
413  3.560000
414  3.460000
415  3.340000
416  3.240000
417  3.140000
418  3.000000
419  2.860000
420  2.720000
421  2.580000
422  2.420000
423  2.280000
424  2.120000
425  1.960000
426  1.800000
427  1.660000
428  1.500000
429  1.360000
430  1.200000
431  1.080000
432  0.940000
433  0.820000
434  0.700000
435  0.620000
436  0.520000
437  0.460000
438  0.380000
439  0.320000
440  0.300000
441  0.280000
442  0.260000
443  0.260000
444  0.300000
445  0.340000
446  0.360000
447  0.440000
448  0.500000
449  0.580000
450  0.700000
451  0.800000
452  0.920000
453  1.040000
454  1.180000
455  1.320000
456  1.460000
457  1.600000
458  1.780000
459  1.920000
460  2.100000
461  2.220000
462  2.400000
463  2.540000
464  2.720000
465  2.860000
466  3.020000
467  3.140000
468  3.240000
469  3.360000
470  3.480000
471  3.520000
472  3.620000
473  3.700000
474  3.760000
475  3.800000
476  3.820000
477  3.840000
478  3.860000
479  3.820000
480  3.800000
481  3.760000
482  3.700000
483  3.620000
484  3.560000
485  3.460000
486  3.360000
487  3.240000
488  3.120000
489  2.980000
490  2.860000
491  2.700000
492  2.560000
493  2.400000
494  2.260000
495  2.080000
496  1.940000
497  1.780000
498  1.640000
499  1.480000
500  1.340000
501  1.200000
502  1.060000
503  0.920000
504  0.820000
505  0.680000
506  0.600000
507  0.500000
508  0.440000
509  0.380000
510  0.340000
511  0.280000
512  0.260000
513  0.240000
514  0.260000
515  0.300000
516  0.320000
517  0.380000
518  0.420000
519  0.520000
520  0.560000
521  0.700000
522  0.820000
523  0.940000
524  1.080000
525  1.200000
526  1.340000
527  1.480000
528  1.640000
529  1.820000
530  1.980000
531  2.120000
532  2.280000
533  2.440000
534  2.600000
535  2.760000
536  2.880000
537  3.040000
538  3.160000
539  3.280000
540  3.400000
541  3.480000
542  3.580000
543  3.660000
544  3.720000
545  3.780000
546  3.800000
547  3.840000
548  3.880000
549  3.840000
550  3.820000
551  3.780000
552  3.720000
553  3.680000
554  3.600000
555  3.520000
556  3.420000
557  3.320000
558  3.200000
559  3.080000
560  2.960000
561  2.800000
562  2.640000
563  2.520000
564  2.360000
565  2.200000
566  2.040000
567  1.880000
568  1.720000
569  1.580000
570  1.440000
571  1.280000
572  1.140000
573  1.020000
574  0.880000
575  0.760000
576  0.660000
577  0.560000
578  0.480000
579  0.420000
580  0.340000
581  0.300000
582  0.280000
583  0.240000
584  0.240000
585  0.260000
586  0.300000
587  0.320000
588  0.380000
589  0.460000
590  0.540000
591  0.620000
592  0.740000
593  0.880000
594  1.000000
595  1.100000
596  1.260000
597  1.400000
598  1.560000
599  1.720000
600  1.860000
601  2.040000
602  2.200000
603  2.340000
604  2.520000
605  2.640000
606  2.820000
607  2.960000
608  3.080000
609  3.200000
610  3.320000
611  3.440000
612  3.560000
613  3.600000
614  3.700000
615  3.740000
616  3.780000
617  3.820000
618  3.840000
619  3.860000
620  3.820000
621  3.800000
622  3.780000
623  3.720000
624  3.680000
625  3.560000
626  3.480000
627  3.380000
628  3.280000
629  3.120000
630  3.040000
631  2.880000
632  2.740000
633  2.600000
634  2.440000
635  2.280000
636  2.120000
637  1.960000
638  1.820000
639  1.640000
640  1.520000
641  1.360000
642  1.200000
643  1.080000
644  0.940000
645  0.820000
646  0.700000
647  0.600000
648  0.520000
649  0.440000
650  0.380000
651  0.320000
652  0.280000
653  0.280000
654  0.240000
655  0.260000
656  0.280000
657  0.300000
658  0.360000
659  0.400000
660  0.500000
661  0.620000
662  0.680000
663  0.800000
664  0.920000
665  1.060000
666  1.200000
667  1.340000
668  1.500000
669  1.640000
670  1.800000
671  1.980000
672  2.120000
673  2.300000
674  2.440000
675  2.600000
676  2.760000
677  2.880000
678  3.020000
679  3.160000
680  3.260000
681  3.400000
682  3.480000
683  3.580000
684  3.660000
685  3.720000
686  3.780000
687  3.820000
688  3.820000
689  3.860000
690  3.840000
691  3.820000
692  3.780000
693  3.720000
694  3.680000
695  3.600000
696  3.500000
697  3.420000
698  3.320000
699  3.200000
700  3.060000
701  2.920000
702  2.780000
703  2.640000
704  2.500000
705  2.340000
706  2.180000
707  2.040000
708  1.860000
709  1.720000
710  1.560000
711  1.420000
712  1.260000
713  1.120000
714  0.980000
715  0.860000
716  0.740000
717  0.620000
718  0.520000
719  0.460000
720  0.400000
721  0.320000
722  0.300000
723  0.280000
724  0.240000
725  0.220000
726  0.260000
727  0.300000
728  0.340000
729  0.380000
730  0.480000
731  0.560000
732  0.660000
733  0.740000
734  0.880000
735  1.020000
736  1.160000
737  1.300000
738  1.460000
739  1.600000
740  1.760000
741  1.920000
742  2.080000
743  2.240000
744  2.400000
745  2.540000
746  2.700000
747  2.840000
748  3.000000
749  3.120000
750  3.240000
751  3.360000
752  3.460000
753  3.560000
754  3.640000
755  3.700000
756  3.780000
757  3.800000
758  3.820000
759  3.840000
760  3.840000
761  3.820000
762  3.780000
763  3.720000
764  3.700000
765  3.620000
766  3.540000
767  3.440000
768  3.340000
769  3.220000
770  3.100000
771  2.960000
772  2.820000
773  2.680000
774  2.520000
775  2.360000
776  2.220000
777  2.060000
778  1.900000
779  1.740000
780  1.580000
781  1.440000
782  1.280000
783  1.140000
784  1.020000
785  0.880000
786  0.760000
787  0.660000
788  0.560000
789  0.500000
790  0.400000
791  0.340000
792  0.300000
793  0.260000
794  0.240000
795  0.240000
796  0.260000
797  0.300000
798  0.340000
799  0.400000
800  0.480000
801  0.560000
802  0.640000
803  0.760000
804  0.880000
805  1.000000
806  1.140000
807  1.260000
808  1.420000
809  1.580000
810  1.700000
811  1.880000
812  2.040000
813  2.220000
814  2.380000
815  2.540000
816  2.680000
817  2.840000
818  2.960000
819  3.100000
820  3.220000
821  3.340000
822  3.440000
823  3.540000
824  3.620000
825  3.700000
826  3.740000
827  3.800000
828  3.820000
829  3.840000
830  3.860000
831  3.820000
832  3.800000
833  3.760000
834  3.700000
835  3.640000
836  3.540000
837  3.480000
838  3.360000
839  3.240000
840  3.120000
841  2.980000
842  2.840000
843  2.700000
844  2.540000
845  2.400000
846  2.220000
847  2.100000
848  1.920000
849  1.760000
850  1.620000
851  1.460000
852  1.280000
853  1.180000
854  1.020000
855  0.900000
856  0.780000
857  0.640000
858  0.580000
859  0.480000
860  0.420000
861  0.360000
862  0.300000
863  0.280000
864  0.200000
865  0.220000
866  0.260000
867  0.280000
868  0.320000
869  0.400000
870  0.480000
871  0.560000
872  0.640000
873  0.740000
874  0.860000
875  0.980000
876  1.140000
877  1.260000
878  1.420000
879  1.560000
880  1.720000
881  1.880000
882  2.040000
883  2.200000
884  2.360000
885  2.500000
886  2.680000
887  2.800000
888  2.960000
889  3.080000
890  3.200000
891  3.320000
892  3.440000
893  3.540000
894  3.620000
895  3.680000
896  3.740000
897  3.800000
898  3.820000
899  3.840000
900  3.840000
901  3.820000
902  3.820000
903  3.760000
904  3.700000
905  3.640000
906  3.560000
907  3.480000
908  3.380000
909  3.260000
910  3.140000
911  2.980000
912  2.860000
913  2.720000
914  2.560000
915  2.420000
916  2.240000
917  2.100000
918  1.940000
919  1.780000
920  1.640000
921  1.460000
922  1.300000
923  1.160000
924  1.020000
925  0.900000
926  0.780000
927  0.680000
928  0.560000
929  0.500000
930  0.420000
931  0.360000
932  0.300000
933  0.300000
934  0.240000
935  0.240000
936  0.240000
937  0.280000
938  0.320000
939  0.400000
940  0.460000
941  0.540000
942  0.620000
943  0.740000
944  0.840000
945  0.980000
946  1.100000
947  1.240000
948  1.400000
949  1.540000
950  1.700000
951  1.880000
952  2.020000
953  2.200000
954  2.340000
955  2.500000
956  2.640000
957  2.800000
958  2.920000
959  3.080000
960  3.180000
961  3.320000
962  3.440000
963  3.520000
964  3.600000
965  3.700000
966  3.740000
967  3.780000
968  3.820000
969  3.840000
970  3.840000
971  3.820000
972  3.800000
973  3.760000
974  3.700000
975  3.640000
976  3.580000
977  3.480000
978  3.380000
979  3.280000
980  3.140000
981  3.000000
982  2.860000
983  2.720000
984  2.580000
985  2.420000
986  2.260000
987  2.100000
988  1.960000
989  1.780000
990  1.620000
991  1.480000
992  1.340000
993  1.180000
994  1.060000
995  0.920000
996  0.800000
997  0.680000
998  0.580000
999  0.500000
1000  0.420000
1001  0.360000
1002  0.320000
1003  0.280000
1004  0.260000
1005  0.240000
1006  0.260000
1007  0.300000
1008  0.340000
1009  0.400000
1010  0.460000
1011  0.540000
1012  0.640000
1013  0.720000
1014  0.860000
1015  0.960000
1016  1.100000
1017  1.240000
1018  1.380000
1019  1.540000
1020  1.700000
1021  1.840000
1022  2.020000
1023  2.180000
1024  2.340000
1025  2.480000
1026  2.640000
1027  2.780000
1028  2.920000
1029  3.060000
1030  3.180000
1031  3.300000
1032  3.420000
1033  3.500000
1034  3.600000
1035  3.680000
1036  3.740000
1037  3.780000
1038  3.800000
1039  3.820000
1040  3.860000
1041  3.800000
1042  3.800000
1043  3.780000
1044  3.720000
1045  3.640000
1046  3.580000
1047  3.480000
1048  3.400000
1049  3.280000
1050  3.160000
1051  3.040000
1052  2.860000
1053  2.740000
1054  2.580000
1055  2.440000
1056  2.280000
1057  2.080000
1058  1.960000
1059  1.800000
1060  1.640000
1061  1.520000
1062  1.340000
1063  1.180000
1064  1.060000
1065  0.920000
1066  0.800000
1067  0.680000
1068  0.600000
1069  0.500000
1070  0.440000
1071  0.380000
1072  0.320000
1073  0.300000
1074  0.260000
1075  0.240000
1076  0.260000
1077  0.300000
1078  0.340000
1079  0.400000
1080  0.440000
1081  0.540000
1082  0.620000
1083  0.720000
1084  0.840000
1085  0.960000
1086  1.100000
1087  1.240000
1088  1.360000
1089  1.540000
1090  1.680000
1091  1.840000
1092  2.000000
1093  2.160000
1094  2.320000
1095  2.480000
1096  2.640000
1097  2.760000
1098  2.900000
1099  3.060000
1100  3.180000
1101  3.300000
1102  3.400000
1103  3.480000
1104  3.600000
1105  3.680000
1106  3.720000
1107  3.800000
1108  3.800000
1109  3.840000
1110  3.840000
1111  3.820000
1112  3.820000
1113  3.760000
1114  3.700000
1115  3.660000
1116  3.580000
1117  3.500000
1118  3.400000
1119  3.260000
1120  3.160000
1121  3.020000
1122  2.920000
1123  2.740000
1124  2.600000
1125  2.460000
1126  2.260000
1127  2.120000
1128  1.980000
1129  1.800000
1130  1.660000
1131  1.500000
1132  1.340000
1133  1.200000
1134  1.080000
1135  0.940000
1136  0.820000
1137  0.700000
1138  0.620000
1139  0.520000
1140  0.460000
1141  0.380000
1142  0.320000
1143  0.280000
1144  0.260000
1145  0.240000
1146  0.280000
1147  0.280000
1148  0.340000
1149  0.380000
1150  0.460000
1151  0.520000
1152  0.580000
1153  0.720000
1154  0.840000
1155  0.940000
1156  1.080000
1157  1.200000
1158  1.360000
1159  1.500000
1160  1.660000
1161  1.820000
1162  1.980000
1163  2.140000
1164  2.320000
1165  2.440000
1166  2.600000
1167  2.740000
1168  2.900000
1169  3.040000
1170  3.160000
1171  3.280000
1172  3.400000
1173  3.500000
1174  3.600000
1175  3.660000
1176  3.720000
1177  3.780000
1178  3.820000
1179  3.820000
1180  3.860000
1181  3.820000
1182  3.820000
1183  3.780000
1184  3.740000
1185  3.640000
1186  3.600000
1187  3.500000
1188  3.400000
1189  3.300000
1190  3.160000
1191  3.060000
1192  2.900000
1193  2.760000
1194  2.600000
1195  2.460000
1196  2.300000
1197  2.160000
1198  1.980000
1199  1.840000
1200  1.680000
1201  1.540000
1202  1.380000
1203  1.220000
1204  1.100000
1205  0.980000
1206  0.840000
1207  0.740000
1208  0.620000
1209  0.540000
1210  0.460000
1211  0.400000
1212  0.320000
1213  0.300000
1214  0.260000
1215  0.260000
1216  0.240000
1217  0.280000
1218  0.320000
1219  0.380000
1220  0.440000
1221  0.520000
1222  0.600000
1223  0.700000
1224  0.800000
1225  0.940000
1226  1.060000
1227  1.200000
1228  1.340000
1229  1.500000
1230  1.640000
1231  1.800000
1232  1.940000
1233  2.120000
1234  2.280000
1235  2.460000
1236  2.580000
1237  2.720000
1238  2.860000
1239  3.000000
1240  3.140000
1241  3.280000
1242  3.380000
1243  3.500000
1244  3.560000
1245  3.660000
1246  3.720000
1247  3.760000
1248  3.800000
1249  3.800000
1250  3.840000
1251  3.860000
1252  3.820000
1253  3.800000
1254  3.740000
1255  3.680000
1256  3.600000
1257  3.480000
1258  3.440000
1259  3.300000
1260  3.200000
1261  3.060000
1262  2.940000
1263  2.800000
1264  2.640000
1265  2.500000
1266  2.340000
1267  2.180000
1268  2.020000
1269  1.880000
1270  1.700000
1271  1.560000
1272  1.400000
1273  1.240000
1274  1.140000
1275  0.980000
1276  0.880000
1277  0.740000
1278  0.660000
1279  0.560000
1280  0.480000
1281  0.400000
1282  0.360000
1283  0.300000
1284  0.280000
1285  0.240000
1286  0.260000
1287  0.260000
1288  0.320000
1289  0.360000
1290  0.420000
1291  0.500000
1292  0.580000
1293  0.660000
1294  0.800000
1295  0.900000
1296  1.040000
1297  1.160000
1298  1.300000
1299  1.460000
1300  1.620000
1301  1.760000
1302  1.940000
1303  2.080000
1304  2.260000
1305  2.400000
1306  2.540000
1307  2.700000
1308  2.860000
1309  3.000000
1310  3.120000
1311  3.240000
1312  3.360000
1313  3.460000
1314  3.560000
1315  3.640000
1316  3.700000
1317  3.740000
1318  3.800000
1319  3.840000
1320  3.860000
1321  3.840000
1322  3.820000
1323  3.800000
1324  3.760000
1325  3.680000
1326  3.620000
1327  3.540000
1328  3.460000
1329  3.340000
1330  3.240000
1331  3.100000
1332  2.960000
1333  2.800000
1334  2.660000
1335  2.520000
1336  2.360000
1337  2.240000
1338  2.060000
1339  1.900000
1340  1.740000
1341  1.580000
1342  1.440000
1343  1.300000
1344  1.140000
1345  1.020000
1346  0.880000
1347  0.780000
1348  0.660000
1349  0.580000
1350  0.500000
1351  0.420000
1352  0.340000
1353  0.320000
1354  0.280000
1355  0.260000
1356  0.260000
1357  0.280000
1358  0.300000
1359  0.360000
1360  0.400000
1361  0.480000
1362  0.560000
1363  0.660000
1364  0.760000
1365  0.880000
1366  1.000000
1367  1.140000
1368  1.280000
1369  1.440000
1370  1.580000
1371  1.740000
1372  1.880000
1373  2.060000
1374  2.200000
1375  2.360000
1376  2.520000
1377  2.660000
1378  2.780000
1379  2.960000
1380  3.080000
1381  3.220000
1382  3.320000
1383  3.440000
1384  3.540000
1385  3.620000
1386  3.680000
1387  3.760000
1388  3.800000
1389  3.820000
1390  0.300000
1391  3.860000
1392  3.840000
1393  3.800000
1394  3.780000
1395  3.700000
1396  3.640000
1397  3.560000
1398  3.460000
1399  3.360000
1400  3.260000
1401  3.120000
1402  3.000000
1403  2.860000
1404  2.720000
1405  2.560000
1406  2.420000
1407  2.260000
1408  2.120000
1409  1.920000
1410  1.800000
1411  1.600000
1412  1.480000
1413  1.320000
1414  1.180000
1415  1.060000
1416  0.920000
1417  0.800000
1418  0.700000
1419  0.580000
1420  0.520000
1421  0.420000
1422  0.380000
1423  0.320000
1424  0.280000
1425  0.260000
1426  0.260000
1427  0.280000
1428  0.300000
1429  0.340000
1430  0.420000
1431  0.460000
1432  0.540000
1433  0.620000
1434  0.740000
1435  0.840000
1436  0.980000
1437  1.100000
1438  1.240000
1439  1.380000
1440  1.520000
1441  1.680000
1442  1.860000
1443  2.020000
1444  2.180000
1445  2.320000
1446  2.480000
1447  2.620000
1448  2.800000
1449  2.920000
1450  3.060000
1451  3.180000
1452  3.300000
1453  3.420000
1454  3.500000
1455  3.600000
1456  3.660000
1457  3.740000
1458  3.800000
1459  3.820000
1460  0.300000
1461  3.860000
1462  3.820000
1463  3.820000
1464  3.780000
1465  3.720000
1466  3.640000
1467  3.580000
1468  3.480000
1469  3.380000
1470  3.280000
1471  3.160000
1472  3.020000
1473  2.900000
1474  2.760000
1475  2.620000
1476  2.460000
1477  2.300000
1478  2.120000
1479  2.000000
1480  1.820000
1481  1.680000
1482  1.520000
1483  1.360000
1484  1.220000
1485  1.080000
1486  0.940000
1487  0.840000
1488  0.720000
1489  0.620000
1490  0.520000
1491  0.460000
1492  0.380000
1493  0.320000
1494  0.300000
1495  0.280000
1496  0.240000
1497  0.280000
1498  0.280000
1499  0.340000
1500  0.360000
1501  0.460000
1502  0.520000
1503  0.600000
1504  0.700000
1505  0.820000
1506  0.940000
1507  1.080000
1508  1.200000
1509  1.360000
1510  1.520000
1511  1.660000
1512  1.820000
1513  1.960000
1514  2.140000
1515  2.280000
1516  2.440000
1517  2.620000
1518  2.740000
1519  2.880000
1520  3.040000
1521  3.140000
1522  3.300000
1523  3.380000
1524  3.480000
1525  3.580000
1526  3.660000
1527  3.740000
1528  3.800000
1529  3.800000
1530  3.840000
1531  3.860000
1532  3.840000
1533  3.820000
1534  3.800000
1535  3.740000
1536  3.660000
1537  3.560000
1538  3.500000
1539  3.420000
1540  3.300000
1541  3.180000
1542  3.060000
1543  2.920000
1544  2.800000
1545  2.640000
1546  2.480000
1547  2.320000
1548  2.180000
1549  2.000000
1550  1.860000
1551  1.680000
1552  1.540000
1553  1.400000
1554  1.240000
1555  1.120000
1556  0.980000
1557  0.840000
1558  0.740000
1559  0.620000
1560  0.540000
1561  0.460000
1562  0.400000
1563  0.340000
1564  0.300000
1565  0.260000
1566  0.260000
1567  0.260000
1568  0.280000
1569  0.320000
1570  0.380000
1571  0.420000
1572  0.500000
1573  0.580000
1574  0.680000
1575  0.780000
1576  0.920000
1577  1.040000
1578  1.200000
1579  1.340000
1580  1.480000
1581  1.600000
1582  1.780000
1583  1.940000
1584  2.100000
1585  2.280000
1586  2.420000
1587  2.560000
1588  2.700000
1589  2.860000
1590  3.000000
1591  3.140000
1592  3.260000
1593  3.380000
1594  3.500000
1595  3.560000
1596  3.640000
1597  3.740000
1598  3.760000
1599  3.800000
1600  3.820000
1601  3.860000
1602  3.840000
1603  3.820000
1604  3.760000
1605  3.740000
1606  3.680000
1607  3.620000
1608  3.520000
1609  3.440000
1610  3.320000
1611  3.200000
1612  3.080000
1613  2.960000
1614  2.820000
1615  2.660000
1616  2.500000
1617  2.360000
1618  2.180000
1619  2.040000
1620  1.880000
1621  1.720000
1622  1.540000
1623  1.420000
1624  1.260000
1625  1.140000
1626  0.980000
1627  0.880000
1628  0.760000
1629  0.640000
1630  0.540000
1631  0.480000
1632  0.400000
1633  0.360000
1634  0.300000
1635  0.280000
1636  0.240000
1637  0.260000
1638  0.280000
1639  0.320000
1640  0.360000
1641  0.420000
1642  0.460000
1643  0.580000
1644  0.660000
1645  0.780000
1646  0.900000
1647  1.020000
1648  1.180000
1649  1.320000
1650  1.440000
1651  1.580000
1652  1.760000
1653  1.920000
1654  2.080000
1655  2.240000
1656  2.400000
1657  2.540000
1658  2.720000
1659  2.840000
1660  2.960000
1661  3.120000
1662  3.260000
1663  3.360000
1664  3.460000
1665  3.560000
1666  3.640000
1667  3.720000
1668  3.760000
1669  3.800000
1670  3.820000
1671  3.840000
1672  3.860000
1673  3.820000
1674  3.820000
1675  3.740000
1676  3.700000
1677  3.600000
1678  3.520000
1679  3.440000
1680  3.320000
1681  3.220000
1682  3.100000
1683  2.940000
1684  2.820000
1685  2.660000
1686  2.520000
1687  2.360000
1688  2.200000
1689  2.040000
1690  1.880000
1691  1.720000
1692  1.580000
1693  1.420000
1694  1.280000
1695  1.140000
1696  1.000000
1697  0.880000
1698  0.760000
1699  0.680000
1700  0.560000
1701  0.460000
1702  0.420000
1703  0.340000
1704  0.320000
1705  0.280000
1706  0.260000
1707  0.260000
1708  0.280000
1709  0.300000
1710  0.360000
1711  0.420000
1712  0.500000
1713  0.560000
1714  0.660000
1715  0.780000
1716  0.880000
1717  1.040000
1718  1.140000
1719  1.300000
1720  1.440000
1721  1.600000
1722  1.760000
1723  1.920000
1724  2.080000
1725  2.260000
1726  2.400000
1727  2.540000
1728  2.700000
1729  2.840000
1730  3.000000
1731  3.120000
1732  3.240000
1733  3.380000
1734  3.460000
1735  3.580000
1736  3.640000
1737  3.700000
1738  3.740000
1739  3.780000
1740  3.820000
1741  3.860000
1742  3.840000
1743  3.820000
1744  3.780000
1745  3.760000
1746  3.680000
1747  3.620000
1748  3.520000
1749  3.440000
1750  3.320000
1751  3.180000
1752  3.080000
1753  2.980000
1754  2.800000
1755  2.680000
1756  2.520000
1757  2.360000
1758  2.200000
1759  2.040000
1760  1.880000
1761  1.740000
1762  1.560000
1763  1.420000
1764  1.260000
1765  1.140000
1766  1.000000
1767  0.880000
1768  0.760000
1769  0.660000
1770  0.560000
1771  0.480000
1772  0.400000
1773  0.360000
1774  0.300000
1775  0.280000
1776  0.260000
1777  0.260000
1778  0.280000
1779  0.320000
1780  0.360000
1781  0.440000
1782  0.480000
1783  0.560000
1784  0.680000
1785  0.760000
1786  0.880000
1787  1.020000
1788  1.140000
1789  1.300000
1790  1.460000
1791  1.600000
1792  1.760000
1793  1.900000
1794  2.080000
1795  2.220000
1796  2.400000
1797  2.540000
1798  2.700000
1799  2.860000
1800  2.980000
1801  3.140000
1802  3.240000
1803  3.360000
1804  3.480000
1805  3.560000
1806  3.640000
1807  3.720000
1808  3.760000
1809  3.800000
1810  3.820000
1811  3.840000
1812  3.860000
1813  3.820000
1814  3.800000
1815  3.740000
1816  3.660000
1817  3.600000
1818  3.520000
1819  3.420000
1820  3.340000
1821  3.200000
1822  3.080000
1823  2.940000
1824  2.820000
1825  2.660000
1826  2.520000
1827  2.360000
1828  2.200000
1829  2.020000
1830  1.880000
1831  1.700000
1832  1.560000
1833  1.440000
1834  1.260000
1835  1.140000
1836  1.000000
1837  0.860000
1838  0.760000
1839  0.640000
1840  0.560000
1841  0.460000
1842  0.400000
1843  0.360000
1844  0.300000
1845  0.280000
1846  0.260000
1847  0.260000
1848  0.300000
1849  0.300000
1850  0.360000
1851  0.420000
1852  0.480000
1853  0.580000
1854  0.660000
1855  0.780000
1856  0.900000
1857  1.040000
1858  1.180000
1859  1.320000
1860  1.480000
1861  1.640000
1862  1.780000
1863  1.940000
1864  2.080000
1865  2.260000
1866  2.440000
1867  2.580000
1868  2.740000
1869  2.880000
1870  3.020000
1871  3.160000
1872  3.240000
1873  3.400000
1874  3.480000
1875  3.560000
1876  3.640000
1877  3.720000
1878  3.780000
1879  3.820000
1880  3.820000
1881  3.860000
1882  3.860000
1883  3.820000
1884  3.780000
1885  3.740000
1886  3.660000
1887  3.600000
1888  3.500000
1889  3.420000
1890  3.300000
1891  3.180000
1892  3.060000
1893  2.920000
1894  2.800000
1895  2.640000
1896  2.480000
1897  2.340000
1898  2.160000
1899  2.020000
1900  1.840000
1901  1.700000
1902  1.540000
1903  1.380000
1904  1.240000
1905  1.100000
1906  0.960000
1907  0.840000
1908  0.720000
1909  0.620000
1910  0.520000
1911  0.480000
1912  0.380000
1913  0.340000
1914  0.280000
1915  0.280000
1916  0.240000
1917  0.260000
1918  0.280000
1919  0.300000
1920  0.360000
1921  0.420000
1922  0.480000
1923  0.580000
1924  0.700000
1925  0.800000
1926  0.920000
1927  1.060000
1928  1.200000
1929  1.360000
1930  1.500000
1931  1.660000
1932  1.820000
1933  1.960000
1934  2.140000
1935  2.300000
1936  2.460000
1937  2.620000
1938  2.760000
1939  2.920000
1940  3.060000
1941  3.180000
1942  3.320000
1943  3.400000
1944  3.500000
1945  3.580000
1946  3.660000
1947  3.720000
1948  3.800000
1949  3.800000
1950  3.860000
1951  3.860000
1952  3.840000
1953  3.820000
1954  3.780000
1955  3.720000
1956  3.660000
1957  3.560000
1958  3.500000
1959  3.380000
1960  3.280000
1961  3.160000
1962  3.020000
1963  2.880000
1964  2.720000
1965  2.600000
1966  2.440000
1967  2.280000
1968  2.120000
1969  1.960000
1970  1.820000
1971  1.660000
1972  1.480000
1973  1.340000
1974  1.200000
1975  1.060000
1976  0.940000
1977  0.800000
1978  0.700000
1979  0.600000
1980  0.520000
1981  0.440000
1982  0.380000
1983  0.320000
1984  0.280000
1985  0.260000
1986  0.260000
1987  0.260000
1988  0.300000
1989  0.340000
1990  0.380000
1991  0.440000
1992  0.520000
1993  0.620000
1994  0.720000
1995  0.820000
1996  0.980000
1997  1.120000
1998  1.240000
1999  1.400000
2000  1.540000
2001  1.720000
2002  1.860000
2003  2.020000
2004  2.200000
2005  2.360000
2006  2.520000
2007  2.660000
2008  2.800000
2009  2.960000
2010  3.100000
2011  3.220000
2012  3.340000
2013  3.440000
2014  3.540000
2015  3.640000
2016  3.680000
2017  3.760000
2018  3.800000
2019  3.820000
2020  3.840000
2021  3.860000
2022  3.820000
2023  3.800000
2024  3.760000
2025  3.700000
2026  3.620000
2027  3.540000
2028  3.440000
2029  3.340000
2030  3.220000
2031  3.100000
2032  2.960000
2033  2.820000
2034  2.680000
2035  2.540000
2036  2.380000
2037  2.220000
2038  2.060000
2039  1.880000
2040  1.740000
2041  1.580000
2042  1.440000
2043  1.280000
2044  1.140000
2045  1.020000
2046  0.860000
2047  0.760000
2048  0.000000
