Nama File =sin100H_2k.dat
Time Samplig =0.0005
1  2.580000
2  2.080000
3  0.300000
4  3.280000
5  2.800000
6  2.240000
7  1.680000
8  1.140000
9  0.680000
10  0.400000
11  0.260000
12  0.340000
13  0.580000
14  0.980000
15  1.480000
16  2.040000
17  2.600000
18  3.100000
19  3.520000
20  3.760000
21  3.860000
22  3.740000
23  3.460000
24  3.020000
25  2.500000
26  1.920000
27  1.380000
28  0.880000
29  0.520000
30  0.300000
31  0.280000
32  0.440000
33  0.780000
34  1.240000
35  1.780000
36  2.340000
37  2.860000
38  3.340000
39  3.660000
40  3.820000
41  3.820000
42  3.600000
43  3.240000
44  2.740000
45  2.200000
46  1.620000
47  1.100000
48  0.680000
49  0.380000
50  0.260000
51  0.360000
52  0.600000
53  1.040000
54  1.540000
55  2.100000
56  2.660000
57  3.140000
58  3.540000
59  3.780000
60  3.840000
61  3.720000
62  3.420000
63  2.960000
64  2.440000
65  1.860000
66  1.320000
67  0.840000
68  0.480000
69  0.280000
70  0.280000
71  0.480000
72  0.820000
73  1.280000
74  1.820000
75  2.380000
76  2.940000
77  3.380000
78  3.700000
79  3.860000
80  3.800000
81  3.580000
82  3.200000
83  2.700000
84  2.120000
85  1.560000
86  1.040000
87  0.620000
88  0.360000
89  0.260000
90  0.360000
91  0.640000
92  1.080000
93  1.560000
94  2.160000
95  2.700000
96  3.180000
97  3.580000
98  3.800000
99  3.840000
100  3.680000
101  3.380000
102  2.940000
103  2.380000
104  1.820000
105  1.260000
106  0.800000
107  0.460000
108  0.260000
109  0.300000
110  0.500000
111  0.840000
112  1.360000
113  1.900000
114  2.460000
115  2.980000
116  3.400000
117  3.720000
118  3.820000
119  3.780000
120  3.540000
121  3.140000
122  2.640000
123  2.080000
124  1.520000
125  1.000000
126  0.580000
127  0.340000
128  0.260000
129  0.380000
130  0.680000
131  1.120000
132  1.660000
133  2.200000
134  2.740000
135  3.240000
136  3.600000
137  3.820000
138  3.820000
139  3.660000
140  3.340000
141  2.860000
142  2.320000
143  1.760000
144  1.200000
145  0.760000
146  0.420000
147  0.280000
148  0.300000
149  0.520000
150  0.900000
151  1.400000
152  1.940000
153  2.500000
154  3.040000
155  3.460000
156  3.740000
157  3.860000
158  3.760000
159  3.500000
160  3.100000
161  2.580000
162  2.020000
163  1.460000
164  0.940000
165  0.560000
166  0.340000
167  0.260000
168  0.400000
169  0.720000
170  1.180000
171  1.700000
172  2.260000
173  2.820000
174  3.280000
175  3.640000
176  3.820000
177  3.820000
178  3.640000
179  3.280000
180  2.820000
181  2.280000
182  1.660000
183  1.140000
184  0.700000
185  0.400000
186  0.260000
187  0.320000
188  0.560000
189  0.940000
190  1.440000
191  2.000000
192  2.540000
193  3.080000
194  3.480000
195  3.740000
196  3.840000
197  3.740000
198  3.480000
199  3.060000
200  2.520000
201  1.960000
202  1.400000
203  0.900000
204  0.520000
205  0.300000
206  0.280000
207  0.420000
208  0.760000
209  1.220000
210  1.760000
211  2.320000
212  2.860000
213  3.340000
214  3.660000
215  3.840000
216  3.800000
217  3.600000
218  3.240000
219  2.780000
220  2.220000
221  1.640000
222  1.120000
223  0.660000
224  0.380000
225  0.240000
226  0.340000
227  0.580000
228  1.000000
229  1.520000
230  2.080000
231  2.620000
232  3.140000
233  3.500000
234  3.780000
235  3.840000
236  3.720000
237  3.440000
238  3.000000
239  2.480000
240  1.900000
241  1.360000
242  0.860000
243  0.500000
244  0.300000
245  0.280000
246  0.460000
247  0.800000
248  1.260000
249  1.800000
250  2.380000
251  2.900000
252  3.380000
253  3.700000
254  3.840000
255  3.800000
256  3.560000
257  3.200000
258  2.700000
259  2.160000
260  1.580000
261  1.060000
262  0.620000
263  0.360000
264  0.240000
265  0.360000
266  0.620000
267  1.040000
268  1.560000
269  2.120000
270  2.680000
271  3.140000
272  3.540000
273  3.800000
274  3.820000
275  3.700000
276  3.380000
277  2.940000
278  2.420000
279  1.840000
280  1.300000
281  0.820000
282  0.480000
283  0.280000
284  0.280000
285  0.500000
286  0.840000
287  1.340000
288  1.880000
289  2.440000
290  2.960000
291  3.400000
292  3.720000
293  3.840000
294  3.780000
295  3.560000
296  3.160000
297  2.660000
298  2.100000
299  1.520000
300  1.000000
301  0.600000
302  0.340000
303  0.260000
304  0.380000
305  0.660000
306  1.100000
307  1.600000
308  2.180000
309  2.740000
310  3.220000
311  3.580000
312  3.800000
313  3.820000
314  3.680000
315  3.340000
316  2.880000
317  2.360000
318  1.800000
319  1.240000
320  0.780000
321  0.460000
322  0.280000
323  0.300000
324  0.520000
325  0.880000
326  1.360000
327  1.920000
328  2.500000
329  3.020000
330  3.440000
331  3.720000
332  3.860000
333  3.780000
334  3.520000
335  3.100000
336  2.600000
337  2.040000
338  1.480000
339  0.960000
340  0.560000
341  0.320000
342  0.260000
343  0.380000
344  0.700000
345  1.140000
346  1.680000
347  2.220000
348  2.780000
349  3.260000
350  3.600000
351  3.820000
352  3.820000
353  3.640000
354  3.320000
355  2.840000
356  2.300000
357  1.720000
358  1.180000
359  0.740000
360  0.420000
361  0.260000
362  0.320000
363  0.560000
364  0.940000
365  1.440000
366  1.980000
367  2.540000
368  3.080000
369  3.480000
370  3.740000
371  3.840000
372  3.760000
373  3.460000
374  3.060000
375  2.540000
376  1.980000
377  1.420000
378  0.920000
379  0.540000
380  0.300000
381  0.260000
382  0.420000
383  0.740000
384  1.200000
385  1.740000
386  2.300000
387  2.840000
388  3.300000
389  3.640000
390  3.820000
391  3.800000
392  3.620000
393  3.280000
394  2.800000
395  2.240000
396  1.660000
397  1.140000
398  0.700000
399  0.400000
400  0.260000
401  0.340000
402  0.580000
403  0.980000
404  1.480000
405  2.060000
406  2.600000
407  3.120000
408  3.520000
409  3.760000
410  3.860000
411  3.720000
412  3.440000
413  3.020000
414  2.480000
415  1.900000
416  1.360000
417  0.860000
418  0.500000
419  0.300000
420  0.280000
421  0.440000
422  0.760000
423  1.240000
424  1.780000
425  2.320000
426  2.900000
427  3.340000
428  3.680000
429  3.820000
430  3.780000
431  3.580000
432  3.220000
433  2.740000
434  2.180000
435  1.620000
436  1.100000
437  0.660000
438  0.380000
439  0.240000
440  0.340000
441  0.620000
442  1.020000
443  1.560000
444  2.100000
445  2.660000
446  3.160000
447  3.540000
448  3.780000
449  3.840000
450  3.700000
451  3.420000
452  2.960000
453  2.440000
454  1.860000
455  1.300000
456  0.820000
457  0.460000
458  0.280000
459  0.280000
460  0.460000
461  0.820000
462  1.300000
463  1.840000
464  2.420000
465  2.940000
466  3.400000
467  3.680000
468  3.840000
469  3.800000
470  3.560000
471  3.180000
472  2.700000
473  2.120000
474  1.560000
475  1.040000
476  0.620000
477  0.360000
478  0.260000
479  0.400000
480  0.640000
481  1.080000
482  1.600000
483  2.160000
484  2.720000
485  3.180000
486  3.580000
487  3.820000
488  3.860000
489  3.680000
490  3.360000
491  2.920000
492  2.380000
493  1.800000
494  1.260000
495  0.780000
496  0.460000
497  0.280000
498  0.280000
499  0.500000
500  0.860000
501  1.360000
502  1.900000
503  2.480000
504  3.000000
505  3.440000
506  3.720000
507  3.840000
508  3.780000
509  3.520000
510  3.140000
511  2.620000
512  2.060000
513  1.500000
514  1.000000
515  0.600000
516  0.340000
517  0.260000
518  0.400000
519  0.680000
520  1.120000
521  1.640000
522  2.220000
523  2.760000
524  3.240000
525  3.620000
526  3.800000
527  3.840000
528  3.660000
529  3.320000
530  2.860000
531  2.320000
532  1.740000
533  1.200000
534  0.720000
535  0.420000
536  0.260000
537  0.300000
538  0.540000
539  0.900000
540  1.400000
541  1.960000
542  2.520000
543  3.040000
544  3.460000
545  3.740000
546  3.860000
547  3.760000
548  3.500000
549  3.080000
550  2.560000
551  2.020000
552  1.460000
553  0.940000
554  0.560000
555  0.320000
556  0.260000
557  0.400000
558  0.720000
559  1.180000
560  1.720000
561  2.300000
562  2.820000
563  3.300000
564  3.640000
565  3.800000
566  3.820000
567  3.620000
568  3.280000
569  2.800000
570  2.260000
571  1.700000
572  1.160000
573  0.720000
574  0.400000
575  0.260000
576  0.320000
577  0.540000
578  0.940000
579  1.460000
580  2.000000
581  2.560000
582  3.040000
583  3.500000
584  3.760000
585  3.860000
586  3.740000
587  3.460000
588  3.040000
589  2.520000
590  1.940000
591  1.400000
592  0.880000
593  0.520000
594  0.320000
595  0.280000
596  0.460000
597  0.780000
598  1.220000
599  1.760000
600  2.320000
601  2.860000
602  3.340000
603  3.660000
604  3.840000
605  3.800000
606  3.600000
607  3.240000
608  2.760000
609  2.200000
610  1.620000
611  1.100000
612  0.660000
613  0.380000
614  0.260000
615  0.340000
616  0.600000
617  0.980000
618  1.520000
619  2.080000
620  2.640000
621  3.140000
622  3.540000
623  3.760000
624  3.840000
625  3.700000
626  3.440000
627  3.000000
628  2.460000
629  1.900000
630  1.340000
631  0.840000
632  0.500000
633  0.280000
634  0.280000
635  0.480000
636  0.780000
637  1.300000
638  1.840000
639  2.400000
640  2.920000
641  3.360000
642  3.680000
643  3.840000
644  3.780000
645  3.580000
646  3.200000
647  2.700000
648  2.140000
649  1.580000
650  1.060000
651  0.620000
652  0.360000
653  0.240000
654  0.360000
655  0.620000
656  1.040000
657  1.580000
658  2.140000
659  2.700000
660  3.180000
661  3.560000
662  3.800000
663  3.840000
664  3.680000
665  3.400000
666  2.940000
667  2.420000
668  1.840000
669  1.300000
670  0.820000
671  0.480000
672  0.280000
673  0.280000
674  0.500000
675  0.860000
676  1.340000
677  1.860000
678  2.460000
679  2.980000
680  3.400000
681  3.720000
682  3.840000
683  3.780000
684  3.540000
685  3.140000
686  2.660000
687  2.080000
688  1.520000
689  1.000000
690  0.600000
691  0.340000
692  0.260000
693  0.380000
694  0.660000
695  1.100000
696  1.600000
697  2.200000
698  2.740000
699  3.240000
700  3.580000
701  3.820000
702  0.300000
703  3.680000
704  3.360000
705  2.900000
706  2.360000
707  1.760000
708  1.220000
709  0.760000
710  0.440000
711  0.280000
712  0.280000
713  0.520000
714  0.900000
715  1.380000
716  1.940000
717  2.500000
718  3.020000
719  3.460000
720  3.720000
721  3.860000
722  3.760000
723  3.500000
724  3.100000
725  2.580000
726  2.040000
727  1.440000
728  0.940000
729  0.560000
730  0.320000
731  0.260000
732  0.400000
733  0.700000
734  1.120000
735  1.680000
736  2.220000
737  2.800000
738  3.280000
739  3.620000
740  3.820000
741  3.820000
742  3.640000
743  3.300000
744  2.840000
745  2.300000
746  1.720000
747  1.180000
748  0.700000
749  0.420000
750  0.260000
751  0.320000
752  0.560000
753  0.940000
754  1.460000
755  2.000000
756  2.540000
757  3.080000
758  3.480000
759  3.760000
760  3.860000
761  3.740000
762  3.480000
763  3.060000
764  2.540000
765  1.980000
766  1.380000
767  0.920000
768  0.520000
769  0.300000
770  0.260000
771  0.420000
772  0.740000
773  1.200000
774  1.720000
775  2.320000
776  2.840000
777  3.320000
778  3.660000
779  3.820000
780  3.820000
781  3.620000
782  3.260000
783  2.780000
784  2.220000
785  1.660000
786  1.120000
787  0.700000
788  0.400000
789  0.260000
790  0.340000
791  0.580000
792  1.000000
793  1.500000
794  2.060000
795  2.620000
796  3.120000
797  3.500000
798  3.760000
799  3.840000
800  3.720000
801  3.440000
802  3.000000
803  2.480000
804  1.900000
805  1.360000
806  0.860000
807  0.500000
808  0.280000
809  0.260000
810  0.420000
811  0.780000
812  1.240000
813  1.800000
814  2.360000
815  2.900000
816  3.340000
817  3.660000
818  3.840000
819  3.800000
820  3.620000
821  3.240000
822  2.720000
823  2.180000
824  1.600000
825  1.080000
826  0.660000
827  0.360000
828  0.260000
829  0.360000
830  0.620000
831  1.040000
832  1.560000
833  2.080000
834  2.680000
835  3.160000
836  3.560000
837  3.780000
838  3.840000
839  3.700000
840  3.400000
841  2.960000
842  2.420000
843  1.860000
844  1.320000
845  0.820000
846  0.480000
847  0.280000
848  0.280000
849  0.480000
850  0.820000
851  1.320000
852  1.860000
853  2.400000
854  2.960000
855  3.400000
856  3.700000
857  3.840000
858  3.780000
859  3.560000
860  3.180000
861  2.660000
862  2.120000
863  1.540000
864  1.040000
865  0.600000
866  0.360000
867  0.260000
868  0.380000
869  0.660000
870  1.080000
871  1.620000
872  2.180000
873  2.720000
874  3.220000
875  3.580000
876  3.800000
877  3.840000
878  3.700000
879  3.360000
880  2.900000
881  2.360000
882  1.800000
883  1.240000
884  0.780000
885  0.460000
886  0.280000
887  0.300000
888  0.500000
889  0.880000
890  1.360000
891  1.900000
892  2.480000
893  3.000000
894  3.440000
895  3.740000
896  3.820000
897  3.780000
898  3.520000
899  3.120000
900  2.620000
901  2.060000
902  1.500000
903  0.980000
904  0.580000
905  0.340000
906  0.260000
907  0.400000
908  0.700000
909  1.140000
910  1.660000
911  2.220000
912  2.780000
913  3.260000
914  3.600000
915  3.800000
916  3.820000
917  3.640000
918  3.320000
919  2.840000
920  2.320000
921  1.740000
922  1.200000
923  0.740000
924  0.420000
925  0.260000
926  0.300000
927  0.540000
928  0.920000
929  1.400000
930  1.940000
931  2.520000
932  3.060000
933  3.460000
934  3.740000
935  3.860000
936  3.760000
937  3.500000
938  3.080000
939  2.560000
940  2.000000
941  1.440000
942  0.920000
943  0.560000
944  0.320000
945  0.280000
946  0.420000
947  0.740000
948  1.180000
949  1.720000
950  2.280000
951  2.820000
952  3.300000
953  3.640000
954  3.820000
955  3.820000
956  3.640000
957  3.280000
958  2.800000
959  2.260000
960  1.680000
961  1.160000
962  0.700000
963  0.400000
964  0.260000
965  0.320000
966  0.560000
967  0.960000
968  1.480000
969  2.020000
970  2.580000
971  3.100000
972  3.500000
973  3.760000
974  3.860000
975  3.740000
976  3.460000
977  3.040000
978  2.520000
979  1.940000
980  1.380000
981  0.900000
982  0.520000
983  0.300000
984  0.280000
985  0.440000
986  0.780000
987  1.240000
988  1.780000
989  2.340000
990  2.880000
991  3.340000
992  3.660000
993  3.820000
994  3.800000
995  3.600000
996  3.240000
997  2.740000
998  2.180000
999  1.620000
1000  1.100000
1001  0.660000
1002  0.380000
1003  0.240000
1004  0.360000
1005  0.600000
1006  1.000000
1007  1.540000
1008  2.080000
1009  2.640000
1010  3.140000
1011  3.540000
1012  3.800000
1013  3.860000
1014  3.720000
1015  3.420000
1016  2.980000
1017  2.460000
1018  1.880000
1019  1.340000
1020  0.860000
1021  0.500000
1022  0.300000
1023  0.280000
1024  0.460000
1025  0.820000
1026  1.280000
1027  1.840000
1028  2.420000
1029  2.920000
1030  3.380000
1031  3.680000
1032  3.840000
1033  3.780000
1034  3.560000
1035  3.180000
1036  2.700000
1037  2.140000
1038  1.560000
1039  1.040000
1040  0.620000
1041  0.340000
1042  0.240000
1043  0.360000
1044  0.620000
1045  1.040000
1046  1.580000
1047  2.160000
1048  2.720000
1049  3.180000
1050  3.560000
1051  3.800000
1052  3.860000
1053  3.700000
1054  3.380000
1055  2.920000
1056  2.400000
1057  1.820000
1058  1.280000
1059  0.800000
1060  0.480000
1061  0.280000
1062  0.300000
1063  0.500000
1064  0.840000
1065  1.340000
1066  1.880000
1067  2.460000
1068  2.980000
1069  3.420000
1070  3.680000
1071  3.840000
1072  3.760000
1073  3.520000
1074  3.140000
1075  2.640000
1076  2.080000
1077  1.520000
1078  1.000000
1079  0.580000
1080  0.340000
1081  0.240000
1082  0.380000
1083  0.680000
1084  1.120000
1085  1.640000
1086  2.200000
1087  2.760000
1088  3.260000
1089  3.600000
1090  3.780000
1091  3.840000
1092  3.660000
1093  3.340000
1094  2.880000
1095  2.340000
1096  1.780000
1097  1.220000
1098  0.760000
1099  0.420000
1100  0.280000
1101  0.320000
1102  0.540000
1103  0.920000
1104  1.400000
1105  1.940000
1106  2.520000
1107  3.040000
1108  3.460000
1109  3.740000
1110  3.840000
1111  3.780000
1112  3.500000
1113  3.100000
1114  2.580000
1115  2.020000
1116  1.460000
1117  0.940000
1118  0.560000
1119  0.320000
1120  0.260000
1121  0.420000
1122  0.700000
1123  1.160000
1124  1.680000
1125  2.260000
1126  2.800000
1127  3.260000
1128  3.620000
1129  3.820000
1130  3.820000
1131  3.640000
1132  3.300000
1133  2.820000
1134  2.300000
1135  1.700000
1136  1.160000
1137  0.720000
1138  0.400000
1139  0.260000
1140  0.320000
1141  0.560000
1142  0.940000
1143  1.440000
1144  2.000000
1145  2.560000
1146  3.080000
1147  3.480000
1148  3.740000
1149  3.860000
1150  3.740000
1151  3.460000
1152  3.060000
1153  2.520000
1154  1.960000
1155  1.400000
1156  0.900000
1157  0.520000
1158  0.300000
1159  0.280000
1160  0.420000
1161  0.760000
1162  1.220000
1163  1.740000
1164  2.320000
1165  2.860000
1166  3.280000
1167  3.660000
1168  3.820000
1169  3.820000
1170  3.620000
1171  3.260000
1172  2.800000
1173  2.220000
1174  1.660000
1175  1.120000
1176  0.680000
1177  0.400000
1178  0.260000
1179  0.340000
1180  0.560000
1181  0.980000
1182  1.500000
1183  2.060000
1184  2.620000
1185  3.140000
1186  3.520000
1187  3.760000
1188  3.860000
1189  3.720000
1190  3.440000
1191  3.000000
1192  2.480000
1193  1.900000
1194  1.340000
1195  0.860000
1196  0.480000
1197  0.280000
1198  0.280000
1199  0.440000
1200  0.800000
1201  1.260000
1202  1.820000
1203  2.400000
1204  2.900000
1205  3.360000
1206  3.680000
1207  3.820000
1208  3.820000
1209  3.580000
1210  3.220000
1211  2.720000
1212  2.160000
1213  1.600000
1214  1.060000
1215  0.640000
1216  0.360000
1217  0.240000
1218  0.360000
1219  0.620000
1220  1.040000
1221  1.560000
1222  2.100000
1223  2.660000
1224  3.180000
1225  3.560000
1226  3.760000
1227  3.840000
1228  3.700000
1229  3.400000
1230  2.940000
1231  2.420000
1232  1.840000
1233  1.280000
1234  0.800000
1235  0.460000
1236  0.280000
1237  0.280000
1238  0.480000
1239  0.840000
1240  1.320000
1241  1.860000
1242  2.420000
1243  2.960000
1244  3.400000
1245  3.700000
1246  3.860000
1247  3.780000
1248  3.560000
1249  3.180000
1250  2.660000
1251  2.120000
1252  1.540000
1253  1.020000
1254  0.600000
1255  0.340000
1256  0.260000
1257  0.380000
1258  0.660000
1259  1.100000
1260  1.600000
1261  2.180000
1262  2.740000
1263  3.200000
1264  3.600000
1265  3.780000
1266  3.820000
1267  3.680000
1268  3.360000
1269  2.900000
1270  2.360000
1271  1.780000
1272  1.260000
1273  0.760000
1274  0.440000
1275  0.260000
1276  0.300000
1277  0.520000
1278  0.880000
1279  1.360000
1280  1.900000
1281  2.480000
1282  3.020000
1283  3.440000
1284  3.740000
1285  3.860000
1286  3.780000
1287  3.520000
1288  3.120000
1289  2.620000
1290  2.060000
1291  1.480000
1292  0.980000
1293  0.580000
1294  0.340000
1295  0.260000
1296  0.400000
1297  0.700000
1298  1.140000
1299  1.660000
1300  2.220000
1301  2.800000
1302  3.280000
1303  3.620000
1304  3.800000
1305  3.820000
1306  3.620000
1307  3.320000
1308  2.840000
1309  2.300000
1310  1.720000
1311  1.180000
1312  0.720000
1313  0.420000
1314  0.260000
1315  0.300000
1316  0.520000
1317  0.920000
1318  1.420000
1319  1.980000
1320  2.540000
1321  3.040000
1322  3.480000
1323  3.740000
1324  3.860000
1325  3.760000
1326  3.480000
1327  3.060000
1328  2.560000
1329  1.980000
1330  1.440000
1331  0.920000
1332  0.540000
1333  0.320000
1334  0.260000
1335  0.420000
1336  0.720000
1337  1.180000
1338  1.700000
1339  2.280000
1340  2.840000
1341  3.280000
1342  3.660000
1343  3.820000
1344  3.820000
1345  3.640000
1346  3.260000
1347  2.780000
1348  2.260000
1349  1.680000
1350  1.140000
1351  0.700000
1352  0.400000
1353  0.260000
1354  0.320000
1355  0.560000
1356  0.940000
1357  1.460000
1358  2.020000
1359  2.600000
1360  3.100000
1361  3.520000
1362  3.780000
1363  3.860000
1364  3.740000
1365  3.440000
1366  3.040000
1367  2.500000
1368  1.940000
1369  1.380000
1370  0.900000
1371  0.520000
1372  0.300000
1373  0.280000
1374  0.440000
1375  0.760000
1376  1.240000
1377  1.780000
1378  2.360000
1379  2.900000
1380  3.320000
1381  3.680000
1382  3.820000
1383  3.800000
1384  3.600000
1385  3.220000
1386  2.740000
1387  2.180000
1388  1.600000
1389  1.080000
1390  0.660000
1391  0.380000
1392  0.260000
1393  0.340000
1394  0.600000
1395  1.000000
1396  1.520000
1397  2.080000
1398  2.660000
1399  3.140000
1400  3.560000
1401  3.780000
1402  3.860000
1403  3.700000
1404  3.420000
1405  2.980000
1406  2.440000
1407  1.880000
1408  1.320000
1409  0.840000
1410  0.480000
1411  0.300000
1412  0.280000
1413  0.460000
1414  0.820000
1415  1.300000
1416  1.820000
1417  2.400000
1418  2.940000
1419  3.360000
1420  3.700000
1421  3.820000
1422  3.800000
1423  3.540000
1424  3.180000
1425  2.700000
1426  2.140000
1427  1.580000
1428  1.040000
1429  0.620000
1430  0.360000
1431  0.240000
1432  0.360000
1433  0.640000
1434  1.060000
1435  1.580000
1436  2.160000
1437  2.700000
1438  3.200000
1439  3.560000
1440  3.800000
1441  3.840000
1442  3.700000
1443  3.380000
1444  2.920000
1445  2.400000
1446  1.820000
1447  1.260000
1448  0.800000
1449  0.460000
1450  0.280000
1451  0.300000
1452  0.500000
1453  0.880000
1454  1.340000
1455  1.900000
1456  2.460000
1457  2.980000
1458  3.420000
1459  3.680000
1460  3.860000
1461  3.780000
1462  3.540000
1463  3.140000
1464  2.640000
1465  2.060000
1466  1.480000
1467  0.960000
1468  0.580000
1469  0.340000
1470  0.260000
1471  0.380000
1472  0.680000
1473  1.100000
1474  1.620000
1475  2.200000
1476  2.760000
1477  3.240000
1478  3.600000
1479  3.800000
1480  3.820000
1481  3.660000
1482  3.320000
1483  2.860000
1484  2.340000
1485  1.760000
1486  1.240000
1487  0.760000
1488  0.440000
1489  0.260000
1490  0.300000
1491  0.540000
1492  0.900000
1493  1.420000
1494  1.960000
1495  2.520000
1496  3.020000
1497  3.460000
1498  3.740000
1499  3.840000
1500  3.760000
1501  3.500000
1502  3.080000
1503  2.580000
1504  2.020000
1505  1.440000
1506  0.940000
1507  0.540000
1508  0.320000
1509  0.260000
1510  0.420000
1511  0.720000
1512  1.140000
1513  1.680000
1514  2.260000
1515  2.800000
1516  3.280000
1517  3.620000
1518  3.800000
1519  3.820000
1520  3.640000
1521  3.300000
1522  2.820000
1523  2.280000
1524  1.720000
1525  1.180000
1526  0.720000
1527  0.420000
1528  0.260000
1529  0.320000
1530  0.560000
1531  0.940000
1532  1.460000
1533  2.000000
1534  2.580000
1535  3.080000
1536  3.500000
1537  3.760000
1538  3.840000
1539  3.740000
1540  3.460000
1541  3.040000
1542  2.540000
1543  1.960000
1544  1.400000
1545  0.900000
1546  0.500000
1547  0.300000
1548  0.260000
1549  0.420000
1550  0.760000
1551  1.200000
1552  1.760000
1553  2.280000
1554  2.860000
1555  3.320000
1556  3.640000
1557  3.820000
1558  3.800000
1559  3.600000
1560  3.260000
1561  2.760000
1562  2.220000
1563  1.640000
1564  1.120000
1565  0.680000
1566  0.380000
1567  0.260000
1568  0.340000
1569  0.600000
1570  1.000000
1571  1.500000
1572  2.060000
1573  2.620000
1574  3.140000
1575  3.540000
1576  3.780000
1577  3.860000
1578  3.700000
1579  3.420000
1580  2.980000
1581  2.460000
1582  1.880000
1583  1.360000
1584  0.860000
1585  0.500000
1586  0.300000
1587  0.280000
1588  0.460000
1589  0.780000
1590  1.260000
1591  1.800000
1592  2.380000
1593  2.920000
1594  3.360000
1595  3.700000
1596  3.840000
1597  3.800000
1598  3.580000
1599  3.200000
1600  2.720000
1601  2.180000
1602  1.600000
1603  1.080000
1604  0.640000
1605  0.360000
1606  0.240000
1607  0.340000
1608  0.620000
1609  1.040000
1610  1.560000
1611  2.120000
1612  2.680000
1613  3.160000
1614  3.560000
1615  3.800000
1616  3.840000
1617  3.700000
1618  3.400000
1619  2.940000
1620  2.420000
1621  1.840000
1622  1.280000
1623  0.800000
1624  0.480000
1625  0.280000
1626  0.300000
1627  0.480000
1628  0.840000
1629  1.320000
1630  1.840000
1631  2.420000
1632  2.960000
1633  3.420000
1634  3.720000
1635  3.860000
1636  3.780000
1637  3.540000
1638  3.160000
1639  2.660000
1640  2.080000
1641  1.540000
1642  1.020000
1643  0.620000
1644  0.360000
1645  0.240000
1646  0.380000
1647  0.660000
1648  1.100000
1649  1.620000
1650  2.180000
1651  2.740000
1652  3.220000
1653  3.580000
1654  3.820000
1655  0.300000
1656  3.660000
1657  3.360000
1658  2.880000
1659  2.360000
1660  1.780000
1661  1.220000
1662  0.760000
1663  0.440000
1664  0.280000
1665  0.300000
1666  0.520000
1667  0.900000
1668  1.360000
1669  1.900000
1670  2.480000
1671  3.000000
1672  3.420000
1673  3.720000
1674  3.860000
1675  3.760000
1676  3.520000
1677  3.120000
1678  2.620000
1679  2.060000
1680  1.480000
1681  0.960000
1682  0.580000
1683  0.320000
1684  0.260000
1685  0.420000
1686  0.700000
1687  1.140000
1688  1.660000
1689  2.260000
1690  2.780000
1691  3.240000
1692  3.620000
1693  3.800000
1694  3.820000
1695  3.640000
1696  3.300000
1697  2.840000
1698  2.300000
1699  1.720000
1700  1.200000
1701  0.720000
1702  0.420000
1703  0.280000
1704  0.300000
1705  0.540000
1706  0.920000
1707  1.440000
1708  2.000000
1709  2.540000
1710  3.060000
1711  3.460000
1712  3.740000
1713  3.860000
1714  3.740000
1715  3.500000
1716  3.080000
1717  2.540000
1718  2.000000
1719  1.420000
1720  0.920000
1721  0.540000
1722  0.320000
1723  0.280000
1724  0.420000
1725  0.740000
1726  1.200000
1727  1.720000
1728  2.300000
1729  2.840000
1730  3.300000
1731  3.640000
1732  3.800000
1733  3.820000
1734  3.620000
1735  3.260000
1736  2.800000
1737  2.240000
1738  1.660000
1739  1.120000
1740  0.680000
1741  0.400000
1742  0.260000
1743  0.320000
1744  0.580000
1745  0.980000
1746  1.500000
1747  2.040000
1748  2.600000
1749  3.120000
1750  3.500000
1751  3.780000
1752  3.860000
1753  3.740000
1754  3.440000
1755  3.020000
1756  2.500000
1757  1.940000
1758  1.380000
1759  0.880000
1760  0.520000
1761  0.300000
1762  0.280000
1763  0.440000
1764  0.780000
1765  1.240000
1766  1.780000
1767  2.360000
1768  2.880000
1769  3.360000
1770  3.660000
1771  3.820000
1772  3.800000
1773  3.580000
1774  3.240000
1775  2.740000
1776  2.180000
1777  1.600000
1778  1.080000
1779  0.640000
1780  0.360000
1781  0.260000
1782  0.340000
1783  0.600000
1784  1.020000
1785  1.520000
1786  2.100000
1787  2.660000
1788  3.140000
1789  3.540000
1790  3.740000
1791  3.840000
1792  3.720000
1793  3.400000
1794  2.980000
1795  2.440000
1796  1.860000
1797  1.320000
1798  0.840000
1799  0.500000
1800  0.300000
1801  0.300000
1802  0.480000
1803  0.800000
1804  1.300000
1805  1.840000
1806  2.400000
1807  2.960000
1808  3.380000
1809  3.700000
1810  3.840000
1811  3.780000
1812  3.560000
1813  3.180000
1814  2.680000
1815  2.140000
1816  1.560000
1817  1.040000
1818  0.620000
1819  0.340000
1820  0.240000
1821  0.340000
1822  0.620000
1823  1.060000
1824  1.580000
1825  2.160000
1826  2.700000
1827  3.180000
1828  3.580000
1829  3.800000
1830  3.840000
1831  3.680000
1832  3.380000
1833  2.920000
1834  2.380000
1835  1.820000
1836  1.260000
1837  0.780000
1838  0.460000
1839  0.280000
1840  0.300000
1841  0.500000
1842  0.880000
1843  1.380000
1844  1.900000
1845  2.480000
1846  3.000000
1847  3.420000
1848  3.700000
1849  3.840000
1850  3.780000
1851  3.520000
1852  3.140000
1853  2.640000
1854  2.060000
1855  1.500000
1856  1.000000
1857  0.580000
1858  0.340000
1859  0.260000
1860  0.380000
1861  0.680000
1862  1.120000
1863  1.640000
1864  2.200000
1865  2.760000
1866  3.240000
1867  3.600000
1868  3.820000
1869  0.300000
1870  3.660000
1871  3.340000
1872  2.860000
1873  2.320000
1874  1.740000
1875  1.220000
1876  0.760000
1877  0.420000
1878  0.280000
1879  0.320000
1880  0.540000
1881  0.920000
1882  1.400000
1883  1.960000
1884  2.520000
1885  3.020000
1886  3.480000
1887  3.720000
1888  3.840000
1889  3.760000
1890  3.480000
1891  3.080000
1892  2.580000
1893  2.020000
1894  1.460000
1895  0.940000
1896  0.560000
1897  0.320000
1898  0.260000
1899  0.420000
1900  0.700000
1901  1.160000
1902  1.700000
1903  2.280000
1904  2.820000
1905  3.280000
1906  3.640000
1907  3.820000
1908  3.820000
1909  3.640000
1910  3.280000
1911  2.800000
1912  2.260000
1913  1.700000
1914  1.180000
1915  0.720000
1916  0.420000
1917  0.280000
1918  0.320000
1919  0.560000
1920  0.960000
1921  1.460000
1922  2.020000
1923  2.580000
1924  3.080000
1925  3.500000
1926  3.720000
1927  3.860000
1928  3.740000
1929  3.460000
1930  3.020000
1931  2.520000
1932  1.940000
1933  1.380000
1934  0.880000
1935  0.520000
1936  0.280000
1937  0.280000
1938  0.420000
1939  0.760000
1940  1.220000
1941  1.760000
1942  2.340000
1943  2.860000
1944  3.320000
1945  3.660000
1946  3.800000
1947  3.820000
1948  3.600000
1949  3.260000
1950  2.780000
1951  2.220000
1952  1.640000
1953  1.120000
1954  0.660000
1955  0.380000
1956  0.260000
1957  0.340000
1958  0.600000
1959  1.000000
1960  1.540000
1961  2.060000
1962  2.620000
1963  3.140000
1964  3.520000
1965  3.780000
1966  3.840000
1967  3.720000
1968  3.440000
1969  3.000000
1970  2.480000
1971  1.900000
1972  1.340000
1973  0.840000
1974  0.480000
1975  0.300000
1976  0.280000
1977  0.460000
1978  0.800000
1979  1.260000
1980  1.820000
1981  2.400000
1982  2.920000
1983  3.380000
1984  3.680000
1985  3.840000
1986  3.800000
1987  3.580000
1988  3.200000
1989  2.700000
1990  2.180000
1991  1.580000
1992  1.060000
1993  0.620000
1994  0.360000
1995  0.240000
1996  0.360000
1997  0.620000
1998  1.060000
1999  1.580000
2000  2.140000
2001  2.680000
2002  3.180000
2003  3.560000
2004  3.780000
2005  3.840000
2006  3.700000
2007  3.380000
2008  2.940000
2009  2.420000
2010  1.840000
2011  1.280000
2012  0.800000
2013  0.460000
2014  0.280000
2015  0.280000
2016  0.480000
2017  0.840000
2018  1.320000
2019  1.860000
2020  2.420000
2021  2.980000
2022  3.400000
2023  3.700000
2024  3.840000
2025  3.780000
2026  3.540000
2027  3.160000
2028  2.660000
2029  2.100000
2030  1.520000
2031  1.020000
2032  0.600000
2033  0.340000
2034  0.280000
2035  0.400000
2036  0.660000
2037  1.100000
2038  1.620000
2039  2.200000
2040  2.740000
2041  3.220000
2042  3.600000
2043  3.820000
2044  0.300000
2045  3.660000
2046  3.360000
2047  2.900000
2048  0.000000
