Nama File =sin100H_500.dat
Time Samplig =0.0020
1  3.120000
2  2.080000
3  0.300000
4  1.160000
5  3.240000
6  3.680000
7  1.880000
8  0.300000
9  1.160000
10  3.240000
11  3.700000
12  1.900000
13  0.300000
14  1.140000
15  3.220000
16  3.700000
17  1.900000
18  0.300000
19  1.140000
20  3.220000
21  3.720000
22  1.920000
23  0.320000
24  1.120000
25  3.180000
26  3.720000
27  1.940000
28  0.320000
29  1.100000
30  3.180000
31  3.720000
32  1.960000
33  0.320000
34  1.100000
35  3.160000
36  3.740000
37  1.980000
38  0.320000
39  1.080000
40  3.160000
41  3.720000
42  2.000000
43  0.340000
44  1.060000
45  3.140000
46  3.720000
47  2.000000
48  0.340000
49  1.080000
50  3.120000
51  3.740000
52  2.020000
53  0.340000
54  1.040000
55  3.120000
56  3.740000
57  2.040000
58  0.340000
59  1.040000
60  3.120000
61  3.740000
62  2.060000
63  0.360000
64  1.020000
65  3.080000
66  3.740000
67  2.080000
68  0.340000
69  1.000000
70  3.080000
71  3.760000
72  2.100000
73  0.360000
74  0.980000
75  3.060000
76  3.760000
77  2.120000
78  0.360000
79  0.980000
80  3.060000
81  3.780000
82  2.140000
83  0.380000
84  0.960000
85  3.020000
86  3.780000
87  2.140000
88  0.360000
89  0.960000
90  3.040000
91  3.800000
92  2.160000
93  0.380000
94  0.920000
95  3.020000
96  3.780000
97  2.180000
98  0.380000
99  0.920000
100  3.000000
101  3.800000
102  2.180000
103  0.400000
104  0.920000
105  3.000000
106  3.800000
107  2.180000
108  0.400000
109  0.900000
110  2.980000
111  3.800000
112  2.220000
113  0.380000
114  0.900000
115  2.960000
116  3.800000
117  2.220000
118  0.400000
119  0.880000
120  2.960000
121  3.800000
122  2.240000
123  0.400000
124  0.860000
125  2.940000
126  3.800000
127  2.220000
128  0.400000
129  0.860000
130  2.920000
131  3.800000
132  2.280000
133  0.440000
134  0.840000
135  2.900000
136  3.780000
137  2.300000
138  0.440000
139  0.840000
140  2.880000
141  3.820000
142  2.320000
143  0.440000
144  0.820000
145  2.860000
146  3.820000
147  2.320000
148  0.440000
149  0.820000
150  2.880000
151  3.800000
152  2.340000
153  0.440000
154  0.780000
155  2.860000
156  3.820000
157  2.360000
158  0.440000
159  0.760000
160  2.840000
161  3.820000
162  2.360000
163  0.460000
164  0.760000
165  2.820000
166  3.820000
167  2.380000
168  0.480000
169  0.740000
170  2.820000
171  3.840000
172  2.400000
173  0.480000
174  0.740000
175  2.800000
176  3.820000
177  2.420000
178  0.500000
179  0.740000
180  2.800000
181  3.820000
182  2.440000
183  0.500000
184  0.720000
185  2.760000
186  3.820000
187  2.440000
188  0.500000
189  0.740000
190  2.760000
191  3.820000
192  2.460000
193  0.520000
194  0.700000
195  2.740000
196  3.820000
197  2.480000
198  0.520000
199  0.720000
200  2.720000
201  3.840000
202  2.500000
203  0.520000
204  0.680000
205  2.680000
206  3.820000
207  2.500000
208  0.520000
209  0.680000
210  2.700000
211  3.840000
212  2.520000
213  0.560000
214  0.680000
215  2.680000
216  3.860000
217  2.540000
218  0.560000
219  0.660000
220  2.660000
221  3.860000
222  2.540000
223  0.580000
224  0.640000
225  2.640000
226  3.860000
227  2.540000
228  0.560000
229  0.620000
230  2.640000
231  3.860000
232  2.580000
233  0.600000
234  0.620000
235  2.620000
236  3.860000
237  2.620000
238  0.580000
239  0.620000
240  2.600000
241  3.860000
242  2.620000
243  0.600000
244  0.600000
245  2.600000
246  3.860000
247  2.620000
248  0.600000
249  0.600000
250  2.580000
251  3.880000
252  2.640000
253  0.620000
254  0.580000
255  2.560000
256  3.840000
257  2.660000
258  0.620000
259  0.580000
260  2.540000
261  3.860000
262  2.680000
263  0.640000
264  0.560000
265  2.540000
266  3.840000
267  2.680000
268  0.640000
269  0.580000
270  2.520000
271  3.860000
272  2.700000
273  0.660000
274  0.540000
275  2.500000
276  3.840000
277  2.720000
278  0.680000
279  0.560000
280  2.500000
281  3.820000
282  2.720000
283  0.680000
284  0.540000
285  2.440000
286  3.820000
287  2.740000
288  0.700000
289  0.540000
290  2.480000
291  3.820000
292  2.760000
293  0.700000
294  0.520000
295  2.440000
296  3.820000
297  2.780000
298  0.720000
299  0.520000
300  2.420000
301  3.840000
302  2.780000
303  0.740000
304  0.500000
305  2.420000
306  3.820000
307  2.800000
308  0.740000
309  0.500000
310  2.400000
311  3.820000
312  2.820000
313  0.760000
314  0.480000
315  2.380000
316  3.820000
317  2.840000
318  0.780000
319  0.480000
320  2.380000
321  3.820000
322  2.860000
323  0.760000
324  0.460000
325  2.360000
326  3.820000
327  2.840000
328  0.780000
329  0.440000
330  2.320000
331  3.820000
332  2.860000
333  0.760000
334  0.440000
335  2.320000
336  3.820000
337  2.860000
338  0.800000
339  0.460000
340  2.320000
341  3.820000
342  2.900000
343  0.800000
344  0.440000
345  2.300000
346  3.820000
347  2.900000
348  0.820000
349  0.440000
350  2.300000
351  3.800000
352  2.920000
353  0.820000
354  0.440000
355  2.260000
356  3.800000
357  2.940000
358  0.840000
359  0.420000
360  2.240000
361  3.800000
362  2.960000
363  0.860000
364  0.420000
365  2.220000
366  3.800000
367  2.940000
368  0.880000
369  0.420000
370  2.220000
371  3.780000
372  3.000000
373  0.900000
374  0.400000
375  2.200000
376  3.780000
377  3.000000
378  0.920000
379  0.420000
380  2.180000
381  3.780000
382  3.020000
383  0.900000
384  0.400000
385  2.160000
386  3.780000
387  3.020000
388  0.920000
389  0.400000
390  2.160000
391  3.780000
392  3.040000
393  0.940000
394  0.360000
395  2.140000
396  3.780000
397  3.060000
398  0.940000
399  0.360000
400  2.120000
401  3.780000
402  3.080000
403  0.960000
404  0.360000
405  2.100000
406  3.760000
407  3.080000
408  0.980000
409  0.360000
410  2.100000
411  3.780000
412  3.100000
413  0.940000
414  0.360000
415  2.080000
416  3.760000
417  3.100000
418  1.000000
419  0.360000
420  2.060000
421  3.740000
422  3.120000
423  1.000000
424  0.340000
425  2.040000
426  3.740000
427  3.120000
428  1.040000
429  0.360000
430  2.040000
431  3.740000
432  3.140000
433  1.040000
434  0.340000
435  2.000000
436  3.720000
437  3.140000
438  1.040000
439  0.340000
440  2.000000
441  3.740000
442  3.160000
443  1.060000
444  0.340000
445  1.980000
446  3.720000
447  3.180000
448  1.080000
449  0.320000
450  1.960000
451  3.720000
452  3.180000
453  1.080000
454  0.320000
455  1.940000
456  3.700000
457  3.180000
458  1.120000
459  0.320000
460  1.920000
461  3.720000
462  3.220000
463  1.120000
464  0.320000
465  1.900000
466  3.700000
467  3.240000
468  1.140000
469  0.320000
470  1.900000
471  3.700000
472  3.260000
473  1.160000
474  0.300000
475  1.880000
476  3.680000
477  3.260000
478  1.140000
479  0.300000
480  1.880000
481  3.680000
482  3.260000
483  1.180000
484  0.300000
485  1.860000
486  3.680000
487  3.280000
488  1.180000
489  0.300000
490  1.840000
491  3.680000
492  3.280000
493  1.200000
494  0.260000
495  1.820000
496  3.660000
497  3.300000
498  1.220000
499  0.280000
500  1.820000
501  3.660000
502  3.300000
503  1.220000
504  0.280000
505  1.780000
506  3.640000
507  3.300000
508  1.240000
509  0.280000
510  1.780000
511  3.640000
512  3.320000
513  1.260000
514  0.280000
515  1.760000
516  3.620000
517  3.340000
518  1.260000
519  0.280000
520  1.740000
521  3.620000
522  3.360000
523  1.300000
524  0.280000
525  1.720000
526  3.600000
527  3.380000
528  1.280000
529  0.280000
530  1.720000
531  3.600000
532  3.380000
533  1.320000
534  0.260000
535  1.680000
536  3.600000
537  3.400000
538  1.340000
539  0.260000
540  1.680000
541  3.600000
542  3.420000
543  1.360000
544  0.280000
545  1.660000
546  3.580000
547  3.420000
548  1.360000
549  0.260000
550  1.660000
551  3.580000
552  3.420000
553  1.380000
554  0.260000
555  1.620000
556  3.560000
557  3.420000
558  1.400000
559  0.260000
560  1.620000
561  3.560000
562  3.440000
563  1.420000
564  0.260000
565  1.600000
566  3.540000
567  3.440000
568  1.420000
569  0.260000
570  1.600000
571  3.540000
572  3.460000
573  1.420000
574  0.260000
575  1.580000
576  3.540000
577  3.460000
578  1.440000
579  0.260000
580  1.560000
581  3.520000
582  3.480000
583  1.460000
584  0.260000
585  1.560000
586  3.500000
587  3.480000
588  1.480000
589  0.260000
590  1.540000
591  3.500000
592  3.500000
593  1.500000
594  0.260000
595  1.500000
596  3.480000
597  3.500000
598  1.520000
599  0.240000
600  1.500000
601  3.480000
602  3.500000
603  1.540000
604  0.240000
605  1.480000
606  3.460000
607  3.520000
608  1.560000
609  0.240000
610  1.480000
611  3.440000
612  3.520000
613  1.560000
614  0.260000
615  1.460000
616  3.440000
617  3.540000
618  1.580000
619  0.240000
620  1.440000
621  3.460000
622  3.560000
623  1.580000
624  0.260000
625  1.420000
626  3.440000
627  3.560000
628  1.580000
629  0.260000
630  1.420000
631  3.440000
632  3.560000
633  1.620000
634  0.260000
635  1.400000
636  3.420000
637  3.580000
638  1.620000
639  0.260000
640  1.380000
641  3.420000
642  3.600000
643  1.640000
644  0.260000
645  1.380000
646  3.400000
647  3.580000
648  1.660000
649  0.260000
650  1.360000
651  3.380000
652  3.600000
653  1.680000
654  0.280000
655  1.340000
656  3.380000
657  3.600000
658  1.700000
659  0.280000
660  1.340000
661  3.360000
662  3.620000
663  1.700000
664  0.260000
665  1.320000
666  3.340000
667  3.620000
668  1.700000
669  0.280000
670  1.300000
671  3.340000
672  3.620000
673  1.740000
674  0.280000
675  1.260000
676  3.320000
677  3.640000
678  1.760000
679  0.280000
680  1.260000
681  3.320000
682  3.660000
683  1.780000
684  0.280000
685  1.240000
686  3.300000
687  3.660000
688  1.780000
689  0.280000
690  1.240000
691  3.300000
692  3.660000
693  1.820000
694  0.280000
695  1.220000
696  3.280000
697  3.660000
698  1.820000
699  0.280000
700  1.200000
701  3.280000
702  3.680000
703  1.840000
704  0.280000
705  1.200000
706  3.260000
707  3.680000
708  1.840000
709  0.300000
710  1.200000
711  3.260000
712  3.700000
713  1.860000
714  0.300000
715  1.160000
716  3.240000
717  3.700000
718  1.880000
719  0.280000
720  1.180000
721  3.240000
722  3.700000
723  1.880000
724  0.300000
725  1.120000
726  3.220000
727  3.700000
728  1.900000
729  0.280000
730  1.140000
731  3.200000
732  3.720000
733  1.920000
734  0.320000
735  1.120000
736  3.180000
737  3.720000
738  1.960000
739  0.320000
740  1.100000
741  3.180000
742  3.720000
743  1.960000
744  0.320000
745  1.080000
746  3.160000
747  3.720000
748  1.980000
749  0.320000
750  1.080000
751  3.160000
752  3.720000
753  2.000000
754  0.320000
755  1.060000
756  3.140000
757  3.740000
758  2.000000
759  0.320000
760  1.060000
761  3.120000
762  3.760000
763  2.020000
764  0.320000
765  1.040000
766  3.120000
767  3.740000
768  2.060000
769  0.340000
770  1.020000
771  3.100000
772  3.760000
773  2.060000
774  0.320000
775  1.000000
776  3.100000
777  3.760000
778  2.080000
779  0.340000
780  0.960000
781  3.080000
782  3.780000
783  2.080000
784  0.360000
785  0.980000
786  3.060000
787  3.780000
788  2.100000
789  0.360000
790  0.980000
791  3.060000
792  3.780000
793  2.120000
794  0.360000
795  0.960000
796  3.040000
797  3.780000
798  2.160000
799  0.360000
800  0.940000
801  3.040000
802  3.780000
803  2.160000
804  0.360000
805  0.940000
806  3.020000
807  3.780000
808  2.160000
809  0.380000
810  0.920000
811  3.000000
812  3.800000
813  2.180000
814  0.380000
815  0.900000
816  2.980000
817  3.780000
818  2.200000
819  0.400000
820  0.900000
821  2.960000
822  3.800000
823  2.220000
824  0.420000
825  0.880000
826  2.960000
827  3.800000
828  2.220000
829  0.420000
830  0.880000
831  2.940000
832  3.800000
833  2.260000
834  0.420000
835  0.860000
836  2.940000
837  3.800000
838  2.280000
839  0.440000
840  0.840000
841  2.920000
842  3.820000
843  2.280000
844  0.440000
845  0.840000
846  2.900000
847  3.820000
848  2.300000
849  0.440000
850  0.820000
851  2.900000
852  3.820000
853  2.320000
854  0.440000
855  0.800000
856  2.880000
857  3.820000
858  2.340000
859  0.440000
860  0.820000
861  2.860000
862  3.820000
863  2.340000
864  0.440000
865  0.780000
866  2.860000
867  3.820000
868  2.360000
869  0.460000
870  0.780000
871  2.840000
872  3.820000
873  2.380000
874  0.460000
875  0.760000
876  2.820000
877  3.820000
878  2.400000
879  0.500000
880  0.760000
881  2.820000
882  3.820000
883  2.420000
884  0.500000
885  0.740000
886  2.800000
887  3.820000
888  2.440000
889  0.500000
890  0.740000
891  2.780000
892  3.820000
893  2.440000
894  0.500000
895  0.720000
896  2.760000
897  3.820000
898  2.460000
899  0.460000
900  0.720000
901  2.740000
902  3.860000
903  2.480000
904  0.520000
905  0.700000
906  2.740000
907  3.840000
908  2.440000
909  0.520000
910  0.680000
911  2.720000
912  3.860000
913  2.520000
914  0.520000
915  0.680000
916  2.700000
917  3.860000
918  2.520000
919  0.520000
920  0.680000
921  2.700000
922  3.860000
923  2.540000
924  0.560000
925  0.660000
926  2.660000
927  3.840000
928  2.540000
929  0.540000
930  0.660000
931  2.660000
932  3.860000
933  2.540000
934  0.560000
935  0.640000
936  2.640000
937  3.860000
938  2.540000
939  0.580000
940  0.620000
941  2.640000
942  3.860000
943  2.600000
944  0.580000
945  0.620000
946  2.600000
947  3.860000
948  2.600000
949  0.580000
950  0.620000
951  2.600000
952  3.860000
953  2.620000
954  0.600000
955  0.600000
956  2.580000
957  3.860000
958  2.640000
959  0.620000
960  0.600000
961  2.580000
962  3.860000
963  2.660000
964  0.640000
965  0.580000
966  2.540000
967  3.840000
968  2.660000
969  0.640000
970  0.580000
971  2.540000
972  3.860000
973  2.680000
974  0.660000
975  0.560000
976  2.520000
977  3.840000
978  2.700000
979  0.660000
980  0.560000
981  2.500000
982  3.840000
983  2.720000
984  0.680000
985  0.560000
986  2.480000
987  3.840000
988  2.740000
989  0.680000
990  0.540000
991  2.480000
992  3.840000
993  2.740000
994  0.700000
995  0.520000
996  2.480000
997  3.840000
998  2.760000
999  0.700000
1000  0.520000
1001  2.460000
1002  3.840000
1003  2.780000
1004  0.700000
1005  0.500000
1006  2.420000
1007  3.820000
1008  2.800000
1009  0.720000
1010  0.520000
1011  2.420000
1012  3.820000
1013  2.800000
1014  0.700000
1015  0.500000
1016  2.420000
1017  3.820000
1018  2.800000
1019  0.740000
1020  0.500000
1021  2.400000
1022  3.820000
1023  2.840000
1024  0.740000
1025  0.480000
1026  2.380000
1027  3.820000
1028  2.840000
1029  0.760000
1030  0.480000
1031  2.380000
1032  3.820000
1033  2.860000
1034  0.780000
1035  0.480000
1036  2.340000
1037  3.820000
1038  2.860000
1039  0.780000
1040  0.480000
1041  2.340000
1042  3.800000
1043  2.880000
1044  0.760000
1045  0.460000
1046  2.320000
1047  3.800000
1048  2.900000
1049  0.800000
1050  0.460000
1051  2.300000
1052  3.800000
1053  2.920000
1054  0.820000
1055  0.440000
1056  2.280000
1057  3.800000
1058  2.940000
1059  0.840000
1060  0.420000
1061  2.260000
1062  3.820000
1063  2.960000
1064  0.840000
1065  0.420000
1066  2.240000
1067  3.800000
1068  2.960000
1069  0.860000
1070  0.420000
1071  2.240000
1072  3.800000
1073  2.980000
1074  0.880000
1075  0.400000
1076  2.220000
1077  3.800000
1078  2.980000
1079  0.860000
1080  0.420000
1081  2.220000
1082  3.800000
1083  2.980000
1084  0.880000
1085  0.400000
1086  2.200000
1087  3.780000
1088  3.020000
1089  0.900000
1090  0.400000
1091  2.180000
1092  3.800000
1093  3.020000
1094  0.900000
1095  0.400000
1096  2.160000
1097  3.780000
1098  3.040000
1099  0.900000
1100  0.380000
1101  2.160000
1102  3.780000
1103  3.060000
1104  0.940000
1105  0.380000
1106  2.120000
1107  3.760000
1108  3.060000
1109  0.940000
1110  0.380000
1111  2.100000
1112  3.760000
1113  3.060000
1114  0.980000
1115  0.340000
1116  2.080000
1117  3.740000
1118  3.080000
1119  0.980000
1120  0.360000
1121  2.060000
1122  3.760000
1123  3.100000
1124  1.000000
1125  0.360000
1126  2.060000
1127  3.740000
1128  3.120000
1129  1.020000
1130  0.360000
1131  2.040000
1132  3.740000
1133  3.140000
1134  1.040000
1135  0.340000
1136  2.000000
1137  3.740000
1138  3.140000
1139  1.020000
1140  0.340000
1141  2.020000
1142  3.740000
1143  3.160000
1144  1.020000
1145  0.340000
1146  2.000000
1147  3.720000
1148  3.180000
1149  1.060000
1150  0.320000
1151  1.980000
1152  3.720000
1153  3.180000
1154  1.080000
1155  0.320000
1156  1.960000
1157  3.720000
1158  3.180000
1159  1.100000
1160  0.320000
1161  1.940000
1162  3.720000
1163  3.200000
1164  1.100000
1165  0.320000
1166  1.920000
1167  3.700000
1168  3.220000
1169  1.120000
1170  0.300000
1171  1.920000
1172  3.700000
1173  3.220000
1174  1.140000
1175  0.300000
1176  1.880000
1177  3.680000
1178  3.220000
1179  1.140000
1180  0.280000
1181  1.900000
1182  3.680000
1183  3.260000
1184  1.180000
1185  0.280000
1186  1.880000
1187  3.680000
1188  3.260000
1189  1.140000
1190  0.280000
1191  1.860000
1192  3.660000
1193  3.280000
1194  1.160000
1195  0.300000
1196  1.840000
1197  3.660000
1198  3.260000
1199  1.200000
1200  0.300000
1201  1.820000
1202  3.640000
1203  3.300000
1204  1.220000
1205  0.280000
1206  1.800000
1207  3.640000
1208  3.320000
1209  1.240000
1210  0.280000
1211  1.800000
1212  3.640000
1213  3.320000
1214  1.260000
1215  0.280000
1216  1.760000
1217  3.620000
1218  3.320000
1219  1.260000
1220  0.280000
1221  1.760000
1222  3.640000
1223  3.340000
1224  1.260000
1225  0.280000
1226  1.740000
1227  3.620000
1228  3.360000
1229  1.260000
1230  0.280000
1231  1.740000
1232  3.620000
1233  3.380000
1234  1.320000
1235  0.260000
1236  1.700000
1237  3.600000
1238  3.380000
1239  1.320000
1240  0.280000
1241  1.700000
1242  3.620000
1243  3.400000
1244  1.340000
1245  0.260000
1246  1.680000
1247  3.560000
1248  3.400000
1249  1.320000
1250  0.280000
1251  1.660000
1252  3.580000
1253  3.420000
1254  1.360000
1255  0.260000
1256  1.640000
1257  3.560000
1258  3.420000
1259  1.360000
1260  0.260000
1261  1.640000
1262  3.560000
1263  3.440000
1264  1.380000
1265  0.260000
1266  1.620000
1267  3.540000
1268  3.440000
1269  1.400000
1270  0.260000
1271  1.620000
1272  3.540000
1273  3.440000
1274  1.420000
1275  0.260000
1276  1.580000
1277  3.520000
1278  3.460000
1279  1.440000
1280  0.260000
1281  1.580000
1282  3.520000
1283  3.480000
1284  1.460000
1285  0.260000
1286  1.560000
1287  3.500000
1288  3.480000
1289  1.480000
1290  0.240000
1291  1.540000
1292  3.500000
1293  3.500000
1294  1.500000
1295  0.220000
1296  1.520000
1297  3.500000
1298  3.500000
1299  1.520000
1300  0.240000
1301  1.520000
1302  3.500000
1303  3.500000
1304  1.500000
1305  0.240000
1306  1.500000
1307  3.480000
1308  3.500000
1309  1.520000
1310  0.260000
1311  1.500000
1312  3.480000
1313  3.540000
1314  1.540000
1315  0.240000
1316  1.440000
1317  3.480000
1318  3.520000
1319  1.560000
1320  0.240000
1321  1.460000
1322  3.460000
1323  3.540000
1324  1.560000
1325  0.240000
1326  1.440000
1327  3.440000
1328  3.540000
1329  1.580000
1330  0.260000
1331  1.440000
1332  3.440000
1333  3.560000
1334  1.580000
1335  0.260000
1336  1.400000
1337  3.420000
1338  3.560000
1339  1.620000
1340  0.280000
1341  1.400000
1342  3.420000
1343  3.560000
1344  1.660000
1345  0.260000
1346  1.380000
1347  3.400000
1348  3.580000
1349  1.660000
1350  0.260000
1351  1.380000
1352  3.400000
1353  3.580000
1354  1.680000
1355  0.280000
1356  1.340000
1357  3.380000
1358  3.580000
1359  1.660000
1360  0.240000
1361  1.340000
1362  3.380000
1363  3.600000
1364  1.700000
1365  0.280000
1366  1.320000
1367  3.360000
1368  3.620000
1369  1.720000
1370  0.280000
1371  1.320000
1372  3.360000
1373  3.640000
1374  1.740000
1375  0.260000
1376  1.280000
1377  3.320000
1378  3.640000
1379  1.740000
1380  0.260000
1381  1.280000
1382  3.340000
1383  3.660000
1384  1.760000
1385  0.260000
1386  1.260000
1387  3.320000
1388  3.660000
1389  1.800000
1390  0.260000
1391  1.260000
1392  3.320000
1393  3.660000
1394  1.780000
1395  0.260000
1396  1.240000
1397  3.300000
1398  3.660000
1399  1.780000
1400  0.280000
1401  1.220000
1402  3.280000
1403  3.660000
1404  1.820000
1405  0.280000
1406  1.220000
1407  3.260000
1408  3.660000
1409  1.840000
1410  0.260000
1411  1.200000
1412  3.260000
1413  3.700000
1414  1.860000
1415  0.300000
1416  1.180000
1417  3.240000
1418  3.680000
1419  1.860000
1420  0.280000
1421  1.180000
1422  3.240000
1423  3.720000
1424  1.880000
1425  0.300000
1426  1.140000
1427  3.200000
1428  3.700000
1429  1.900000
1430  0.300000
1431  1.140000
1432  3.220000
1433  3.720000
1434  1.940000
1435  0.300000
1436  1.120000
1437  3.180000
1438  3.720000
1439  1.940000
1440  0.300000
1441  1.100000
1442  3.180000
1443  3.740000
1444  1.960000
1445  0.280000
1446  1.100000
1447  3.180000
1448  3.720000
1449  1.980000
1450  0.320000
1451  1.080000
1452  3.160000
1453  3.740000
1454  1.980000
1455  0.320000
1456  1.080000
1457  3.140000
1458  3.720000
1459  2.000000
1460  0.320000
1461  1.060000
1462  3.140000
1463  3.760000
1464  2.020000
1465  0.320000
1466  1.040000
1467  3.120000
1468  3.740000
1469  2.040000
1470  0.300000
1471  1.040000
1472  3.120000
1473  3.760000
1474  2.040000
1475  0.340000
1476  1.020000
1477  3.100000
1478  3.760000
1479  2.060000
1480  0.340000
1481  1.000000
1482  3.100000
1483  3.760000
1484  2.100000
1485  0.340000
1486  1.000000
1487  3.060000
1488  3.760000
1489  2.100000
1490  0.360000
1491  0.980000
1492  3.060000
1493  3.780000
1494  2.120000
1495  0.340000
1496  0.960000
1497  3.040000
1498  3.760000
1499  2.140000
1500  0.380000
1501  0.960000
1502  3.060000
1503  3.780000
1504  2.140000
1505  0.360000
1506  0.940000
1507  3.020000
1508  3.780000
1509  2.160000
1510  0.380000
1511  0.920000
1512  3.020000
1513  3.800000
1514  2.180000
1515  0.360000
1516  0.900000
1517  2.980000
1518  3.780000
1519  2.200000
1520  0.380000
1521  0.900000
1522  2.980000
1523  3.800000
1524  2.220000
1525  0.400000
1526  0.880000
1527  2.980000
1528  3.800000
1529  2.220000
1530  0.400000
1531  0.880000
1532  2.960000
1533  3.820000
1534  2.260000
1535  0.400000
1536  0.860000
1537  2.940000
1538  3.780000
1539  2.260000
1540  0.420000
1541  0.860000
1542  2.940000
1543  3.820000
1544  2.280000
1545  0.420000
1546  0.820000
1547  2.920000
1548  3.800000
1549  2.280000
1550  0.440000
1551  0.840000
1552  2.920000
1553  3.820000
1554  2.320000
1555  0.440000
1556  0.820000
1557  2.860000
1558  3.820000
1559  2.300000
1560  0.440000
1561  0.820000
1562  2.880000
1563  3.820000
1564  2.340000
1565  0.460000
1566  0.780000
1567  2.860000
1568  3.820000
1569  2.340000
1570  0.460000
1571  0.800000
1572  2.840000
1573  3.820000
1574  2.380000
1575  0.460000
1576  0.760000
1577  2.820000
1578  3.820000
1579  2.380000
1580  0.460000
1581  0.780000
1582  2.800000
1583  3.820000
1584  2.420000
1585  0.500000
1586  0.740000
1587  2.800000
1588  3.840000
1589  2.420000
1590  0.500000
1591  0.740000
1592  2.800000
1593  3.840000
1594  2.440000
1595  0.500000
1596  0.720000
1597  2.760000
1598  3.820000
1599  2.440000
1600  0.520000
1601  0.740000
1602  2.760000
1603  3.840000
1604  2.460000
1605  0.520000
1606  0.680000
1607  2.740000
1608  3.840000
1609  2.460000
1610  0.520000
1611  0.700000
1612  2.720000
1613  3.860000
1614  2.500000
1615  0.520000
1616  0.680000
1617  2.720000
1618  3.840000
1619  2.520000
1620  0.520000
1621  0.660000
1622  2.700000
1623  3.860000
1624  2.540000
1625  0.540000
1626  0.660000
1627  2.680000
1628  3.860000
1629  2.540000
1630  0.560000
1631  0.660000
1632  2.660000
1633  3.860000
1634  2.540000
1635  0.560000
1636  0.640000
1637  2.660000
1638  3.840000
1639  2.540000
1640  0.580000
1641  0.640000
1642  2.640000
1643  3.860000
1644  2.580000
1645  0.580000
1646  0.620000
1647  2.620000
1648  3.840000
1649  2.600000
1650  0.600000
1651  0.620000
1652  2.600000
1653  3.860000
1654  2.620000
1655  0.600000
1656  0.600000
1657  2.580000
1658  3.840000
1659  2.640000
1660  0.600000
1661  0.600000
1662  2.560000
1663  3.880000
1664  2.660000
1665  0.620000
1666  0.580000
1667  2.540000
1668  3.820000
1669  2.660000
1670  0.620000
1671  0.580000
1672  2.540000
1673  3.860000
1674  2.700000
1675  0.640000
1676  0.560000
1677  2.520000
1678  3.840000
1679  2.700000
1680  0.660000
1681  0.560000
1682  2.520000
1683  3.860000
1684  2.720000
1685  0.660000
1686  0.540000
1687  2.500000
1688  3.820000
1689  2.720000
1690  0.680000
1691  0.540000
1692  2.500000
1693  3.840000
1694  2.740000
1695  0.680000
1696  0.540000
1697  2.480000
1698  3.820000
1699  2.760000
1700  0.680000
1701  0.540000
1702  2.460000
1703  3.840000
1704  2.780000
1705  0.700000
1706  0.520000
1707  2.440000
1708  3.820000
1709  2.780000
1710  0.720000
1711  0.520000
1712  2.420000
1713  3.820000
1714  2.800000
1715  0.740000
1716  0.500000
1717  2.420000
1718  3.820000
1719  2.820000
1720  0.720000
1721  0.500000
1722  2.400000
1723  3.820000
1724  2.840000
1725  0.780000
1726  0.500000
1727  2.380000
1728  3.820000
1729  2.840000
1730  0.760000
1731  0.500000
1732  2.360000
1733  3.820000
1734  2.860000
1735  0.780000
1736  0.480000
1737  2.340000
1738  3.820000
1739  2.860000
1740  0.780000
1741  0.460000
1742  2.320000
1743  3.820000
1744  2.900000
1745  0.800000
1746  0.440000
1747  2.320000
1748  3.820000
1749  2.920000
1750  0.800000
1751  0.440000
1752  2.300000
1753  3.820000
1754  2.920000
1755  0.840000
1756  0.440000
1757  2.280000
1758  3.800000
1759  2.920000
1760  0.840000
1761  0.440000
1762  2.260000
1763  3.820000
1764  2.920000
1765  0.860000
1766  0.420000
1767  2.260000
1768  3.800000
1769  2.960000
1770  0.840000
1771  0.420000
1772  2.240000
1773  3.800000
1774  2.980000
1775  0.880000
1776  0.420000
1777  2.220000
1778  3.780000
1779  2.980000
1780  0.880000
1781  0.420000
1782  2.220000
1783  3.800000
1784  3.000000
1785  0.900000
1786  0.400000
1787  2.200000
1788  3.780000
1789  3.000000
1790  0.900000
1791  0.400000
1792  2.180000
1793  3.780000
1794  3.040000
1795  0.920000
1796  0.380000
1797  2.160000
1798  3.780000
1799  3.020000
1800  0.940000
1801  0.400000
1802  2.140000
1803  3.780000
1804  3.060000
1805  0.940000
1806  0.380000
1807  2.120000
1808  3.760000
1809  3.080000
1810  0.960000
1811  0.360000
1812  2.120000
1813  3.760000
1814  3.080000
1815  0.980000
1816  0.360000
1817  2.080000
1818  3.760000
1819  3.100000
1820  0.980000
1821  0.360000
1822  2.080000
1823  3.760000
1824  3.100000
1825  1.000000
1826  0.360000
1827  2.060000
1828  3.740000
1829  3.120000
1830  0.980000
1831  0.360000
1832  2.060000
1833  3.760000
1834  3.140000
1835  1.020000
1836  0.340000
1837  2.020000
1838  3.740000
1839  3.140000
1840  1.020000
1841  0.340000
1842  2.020000
1843  3.740000
1844  3.180000
1845  1.040000
1846  0.320000
1847  2.000000
1848  3.740000
1849  3.160000
1850  1.060000
1851  0.340000
1852  1.980000
1853  3.720000
1854  3.180000
1855  1.080000
1856  0.320000
1857  1.960000
1858  3.720000
1859  3.180000
1860  1.100000
1861  0.340000
1862  1.960000
1863  3.700000
1864  3.200000
1865  1.080000
1866  0.320000
1867  1.940000
1868  3.700000
1869  3.200000
1870  1.120000
1871  0.320000
1872  1.920000
1873  3.700000
1874  3.240000
1875  1.120000
1876  0.320000
1877  1.900000
1878  3.680000
1879  3.240000
1880  1.140000
1881  0.300000
1882  1.880000
1883  3.680000
1884  3.260000
1885  1.180000
1886  0.300000
1887  1.860000
1888  3.660000
1889  3.260000
1890  1.180000
1891  0.300000
1892  1.840000
1893  3.640000
1894  3.300000
1895  1.200000
1896  0.280000
1897  1.840000
1898  3.660000
1899  3.300000
1900  1.200000
1901  0.280000
1902  1.820000
1903  3.660000
1904  3.320000
1905  1.220000
1906  0.280000
1907  1.800000
1908  3.640000
1909  3.320000
1910  1.240000
1911  0.280000
1912  1.800000
1913  3.640000
1914  3.340000
1915  1.240000
1916  0.280000
1917  1.780000
1918  3.640000
1919  3.340000
1920  1.240000
1921  0.280000
1922  1.760000
1923  3.640000
1924  3.360000
1925  1.260000
1926  0.280000
1927  1.740000
1928  3.620000
1929  3.360000
1930  1.280000
1931  0.280000
1932  1.720000
1933  3.620000
1934  3.360000
1935  1.320000
1936  0.260000
1937  1.720000
1938  3.600000
1939  3.380000
1940  1.320000
1941  0.280000
1942  1.700000
1943  3.600000
1944  3.400000
1945  1.320000
1946  0.280000
1947  1.660000
1948  3.560000
1949  3.400000
1950  1.360000
1951  0.260000
1952  1.660000
1953  3.580000
1954  3.420000
1955  1.380000
1956  0.260000
1957  1.660000
1958  3.560000
1959  3.420000
1960  1.360000
1961  0.260000
1962  1.620000
1963  3.560000
1964  3.440000
1965  1.400000
1966  0.260000
1967  1.600000
1968  3.540000
1969  3.440000
1970  1.420000
1971  0.240000
1972  1.600000
1973  3.560000
1974  3.460000
1975  1.440000
1976  0.240000
1977  1.580000
1978  3.540000
1979  3.460000
1980  1.440000
1981  0.240000
1982  1.580000
1983  3.540000
1984  3.480000
1985  1.460000
1986  0.240000
1987  1.560000
1988  3.500000
1989  3.480000
1990  1.480000
1991  0.220000
1992  1.540000
1993  3.500000
1994  3.500000
1995  1.480000
1996  0.260000
1997  1.520000
1998  3.500000
1999  3.500000
2000  1.500000
2001  0.240000
2002  1.520000
2003  3.500000
2004  3.500000
2005  1.520000
2006  0.240000
2007  1.500000
2008  3.480000
2009  3.500000
2010  1.540000
2011  0.240000
2012  1.500000
2013  3.480000
2014  3.520000
2015  1.560000
2016  0.220000
2017  1.480000
2018  3.460000
2019  3.540000
2020  1.560000
2021  0.240000
2022  1.460000
2023  3.460000
2024  3.560000
2025  1.580000
2026  0.240000
2027  1.440000
2028  3.440000
2029  3.560000
2030  1.580000
2031  0.240000
2032  1.420000
2033  3.440000
2034  3.580000
2035  1.620000
2036  0.260000
2037  1.400000
2038  3.400000
2039  3.580000
2040  1.640000
2041  0.260000
2042  1.360000
2043  3.420000
2044  3.600000
2045  1.640000
2046  0.260000
2047  1.380000
2048  0.000000
