Nama File =sin100H_200.dat
Time Samplig =0.0050
1  0.760000
2  2.080000
3  0.240000
4  3.840000
5  0.260000
6  3.840000
7  0.280000
8  3.780000
9  0.300000
10  3.760000
11  0.360000
12  3.720000
13  0.400000
14  3.660000
15  0.460000
16  3.620000
17  0.520000
18  3.560000
19  0.600000
20  3.480000
21  0.680000
22  3.400000
23  0.760000
24  3.300000
25  0.820000
26  3.200000
27  0.960000
28  3.100000
29  1.060000
30  3.020000
31  1.180000
32  2.900000
33  1.280000
34  2.780000
35  1.420000
36  2.660000
37  1.520000
38  2.540000
39  1.640000
40  2.420000
41  1.760000
42  2.300000
43  1.880000
44  2.160000
45  2.020000
46  2.060000
47  2.160000
48  1.900000
49  2.280000
50  1.780000
51  2.400000
52  1.660000
53  2.500000
54  1.540000
55  2.640000
56  1.420000
57  2.760000
58  1.320000
59  2.880000
60  1.200000
61  2.980000
62  1.080000
63  3.100000
64  0.980000
65  3.200000
66  0.820000
67  3.300000
68  0.780000
69  3.380000
70  0.680000
71  3.480000
72  0.600000
73  3.540000
74  0.520000
75  3.620000
76  0.480000
77  3.660000
78  0.380000
79  3.700000
80  0.360000
81  3.760000
82  0.300000
83  3.780000
84  0.300000
85  3.820000
86  0.260000
87  3.840000
88  0.260000
89  3.840000
90  0.220000
91  3.840000
92  0.260000
93  3.840000
94  0.280000
95  3.800000
96  0.300000
97  3.780000
98  0.340000
99  3.720000
100  0.380000
101  3.680000
102  0.420000
103  3.640000
104  0.500000
105  3.560000
106  0.580000
107  3.500000
108  0.620000
109  3.420000
110  0.720000
111  3.340000
112  0.820000
113  3.240000
114  0.920000
115  3.160000
116  1.020000
117  3.040000
118  1.120000
119  2.940000
120  1.220000
121  2.820000
122  1.360000
123  2.720000
124  1.480000
125  2.580000
126  1.580000
127  2.460000
128  1.720000
129  2.340000
130  1.820000
131  2.220000
132  1.980000
133  2.100000
134  2.100000
135  1.960000
136  2.220000
137  1.820000
138  2.360000
139  1.680000
140  2.480000
141  1.580000
142  2.580000
143  1.460000
144  2.720000
145  1.320000
146  2.820000
147  1.240000
148  2.940000
149  1.120000
150  3.060000
151  1.000000
152  3.160000
153  0.920000
154  3.260000
155  0.780000
156  3.360000
157  0.720000
158  3.440000
159  0.620000
160  3.520000
161  0.540000
162  3.580000
163  0.480000
164  3.660000
165  0.420000
166  3.700000
167  0.360000
168  3.760000
169  0.340000
170  3.780000
171  0.300000
172  3.840000
173  0.260000
174  3.840000
175  0.240000
176  3.840000
177  0.240000
178  3.840000
179  0.260000
180  3.840000
181  0.280000
182  3.820000
183  0.300000
184  3.780000
185  0.300000
186  3.740000
187  0.360000
188  3.700000
189  0.420000
190  3.660000
191  0.480000
192  3.600000
193  0.540000
194  3.520000
195  0.600000
196  3.460000
197  0.700000
198  3.360000
199  0.760000
200  3.280000
201  0.880000
202  3.180000
203  0.980000
204  3.080000
205  1.100000
206  2.960000
207  1.200000
208  2.860000
209  1.320000
210  2.740000
211  1.440000
212  2.620000
213  1.560000
214  2.500000
215  1.680000
216  2.380000
217  1.820000
218  2.240000
219  1.920000
220  2.140000
221  2.060000
222  2.000000
223  2.180000
224  1.880000
225  2.320000
226  1.760000
227  2.440000
228  1.620000
229  2.560000
230  1.520000
231  2.660000
232  1.380000
233  2.800000
234  1.260000
235  2.880000
236  1.160000
237  3.040000
238  1.060000
239  3.120000
240  0.940000
241  3.220000
242  0.820000
243  3.320000
244  0.740000
245  3.420000
246  0.660000
247  3.480000
248  0.580000
249  3.580000
250  0.520000
251  3.620000
252  0.440000
253  3.680000
254  0.400000
255  3.720000
256  0.340000
257  3.780000
258  0.320000
259  3.780000
260  0.280000
261  3.840000
262  0.240000
263  3.860000
264  0.260000
265  3.860000
266  0.240000
267  3.840000
268  0.260000
269  3.840000
270  0.280000
271  3.780000
272  0.300000
273  3.760000
274  0.340000
275  3.740000
276  0.400000
277  3.680000
278  0.460000
279  3.600000
280  0.500000
281  3.560000
282  0.580000
283  3.460000
284  0.660000
285  3.400000
286  0.760000
287  3.320000
288  0.840000
289  3.220000
290  0.940000
291  3.120000
292  1.040000
293  3.000000
294  1.160000
295  2.900000
296  1.260000
297  2.780000
298  1.400000
299  2.660000
300  1.520000
301  2.540000
302  1.640000
303  2.420000
304  1.760000
305  2.300000
306  1.900000
307  2.180000
308  2.000000
309  2.060000
310  2.140000
311  1.920000
312  2.260000
313  1.800000
314  2.400000
315  1.660000
316  2.500000
317  1.520000
318  2.640000
319  1.420000
320  2.760000
321  1.320000
322  2.880000
323  1.200000
324  2.980000
325  1.080000
326  3.100000
327  0.960000
328  3.200000
329  0.860000
330  3.280000
331  0.780000
332  3.380000
333  0.680000
334  3.480000
335  0.620000
336  3.520000
337  0.500000
338  3.600000
339  0.460000
340  3.660000
341  0.400000
342  3.720000
343  0.360000
344  3.760000
345  0.300000
346  3.800000
347  0.280000
348  3.820000
349  0.260000
350  3.840000
351  0.260000
352  3.840000
353  0.240000
354  3.840000
355  0.240000
356  3.840000
357  0.260000
358  3.800000
359  0.300000
360  3.800000
361  0.320000
362  3.740000
363  0.380000
364  3.700000
365  0.420000
366  3.640000
367  0.480000
368  3.580000
369  0.560000
370  3.520000
371  0.620000
372  3.420000
373  0.720000
374  3.340000
375  0.800000
376  3.260000
377  0.900000
378  3.140000
379  1.020000
380  3.060000
381  1.120000
382  2.940000
383  1.240000
384  2.820000
385  1.340000
386  2.720000
387  1.480000
388  2.580000
389  1.580000
390  2.480000
391  1.720000
392  2.340000
393  1.840000
394  2.200000
395  1.960000
396  2.100000
397  2.100000
398  1.980000
399  2.220000
400  1.840000
401  2.320000
402  1.720000
403  2.480000
404  1.580000
405  2.580000
406  1.480000
407  2.720000
408  1.360000
409  2.820000
410  1.220000
411  2.940000
412  1.120000
413  3.040000
414  1.020000
415  3.160000
416  0.900000
417  3.260000
418  0.820000
419  3.340000
420  0.720000
421  3.440000
422  0.620000
423  3.520000
424  0.540000
425  3.580000
426  0.480000
427  3.640000
428  0.420000
429  3.700000
430  0.380000
431  3.740000
432  0.340000
433  3.760000
434  0.300000
435  3.840000
436  0.280000
437  3.840000
438  0.280000
439  3.840000
440  0.240000
441  3.840000
442  0.240000
443  3.840000
444  0.260000
445  3.800000
446  0.280000
447  3.800000
448  0.320000
449  3.760000
450  0.320000
451  3.720000
452  0.400000
453  3.660000
454  0.460000
455  3.620000
456  0.500000
457  3.540000
458  0.600000
459  3.440000
460  0.680000
461  3.380000
462  0.740000
463  3.300000
464  0.860000
465  3.180000
466  0.960000
467  3.060000
468  1.080000
469  2.980000
470  1.200000
471  2.860000
472  1.320000
473  2.760000
474  1.420000
475  2.640000
476  1.540000
477  2.520000
478  1.660000
479  2.400000
480  1.800000
481  2.260000
482  1.900000
483  2.160000
484  2.040000
485  2.020000
486  2.180000
487  1.900000
488  2.300000
489  1.760000
490  2.420000
491  1.640000
492  2.540000
493  1.520000
494  2.660000
495  1.400000
496  2.800000
497  1.260000
498  2.900000
499  1.160000
500  3.020000
501  1.040000
502  3.120000
503  0.940000
504  3.220000
505  0.840000
506  3.320000
507  0.760000
508  3.400000
509  0.660000
510  3.480000
511  0.600000
512  3.560000
513  0.520000
514  3.620000
515  0.460000
516  3.680000
517  0.400000
518  3.720000
519  0.360000
520  3.760000
521  0.300000
522  3.800000
523  0.300000
524  3.840000
525  0.260000
526  3.840000
527  0.240000
528  3.860000
529  0.240000
530  3.840000
531  0.240000
532  3.840000
533  0.280000
534  3.780000
535  0.300000
536  3.760000
537  0.340000
538  3.720000
539  0.360000
540  3.680000
541  0.440000
542  3.620000
543  0.500000
544  3.560000
545  0.560000
546  3.500000
547  0.660000
548  3.400000
549  0.720000
550  3.320000
551  0.840000
552  3.220000
553  0.940000
554  3.120000
555  1.040000
556  3.020000
557  1.160000
558  2.900000
559  1.260000
560  2.800000
561  1.400000
562  2.680000
563  1.520000
564  2.540000
565  1.620000
566  2.420000
567  1.740000
568  2.320000
569  1.880000
570  2.180000
571  2.000000
572  2.060000
573  2.140000
574  1.920000
575  2.260000
576  1.780000
577  2.400000
578  1.700000
579  2.500000
580  1.560000
581  2.640000
582  1.420000
583  2.740000
584  1.320000
585  2.880000
586  1.200000
587  2.980000
588  1.080000
589  3.100000
590  0.980000
591  3.180000
592  0.880000
593  3.300000
594  0.740000
595  3.380000
596  0.680000
597  3.480000
598  0.600000
599  3.540000
600  0.540000
601  3.620000
602  0.460000
603  3.640000
604  0.400000
605  3.720000
606  0.360000
607  3.740000
608  0.320000
609  3.800000
610  0.280000
611  3.820000
612  0.260000
613  3.840000
614  0.240000
615  3.840000
616  0.220000
617  3.860000
618  0.240000
619  3.840000
620  0.260000
621  3.840000
622  0.300000
623  3.780000
624  0.320000
625  3.740000
626  0.380000
627  3.700000
628  0.420000
629  3.640000
630  0.460000
631  3.580000
632  0.560000
633  3.520000
634  0.620000
635  3.420000
636  0.680000
637  3.340000
638  0.820000
639  3.240000
640  0.900000
641  3.140000
642  1.020000
643  3.040000
644  1.120000
645  2.940000
646  1.240000
647  2.820000
648  1.360000
649  2.700000
650  1.480000
651  2.580000
652  1.580000
653  2.480000
654  1.720000
655  2.340000
656  1.840000
657  2.220000
658  1.980000
659  2.080000
660  2.100000
661  1.960000
662  2.240000
663  1.820000
664  2.360000
665  1.720000
666  2.480000
667  1.560000
668  2.600000
669  1.460000
670  2.740000
671  1.340000
672  2.840000
673  1.240000
674  2.980000
675  1.120000
676  3.080000
677  1.020000
678  3.180000
679  0.900000
680  3.260000
681  0.820000
682  3.360000
683  0.720000
684  3.440000
685  0.620000
686  3.520000
687  0.560000
688  3.580000
689  0.480000
690  3.660000
691  0.440000
692  3.700000
693  0.360000
694  3.760000
695  0.340000
696  3.780000
697  0.280000
698  3.840000
699  0.260000
700  3.840000
701  0.240000
702  3.860000
703  0.240000
704  3.840000
705  0.240000
706  3.840000
707  0.280000
708  3.820000
709  0.280000
710  3.800000
711  0.320000
712  3.760000
713  0.360000
714  3.700000
715  0.420000
716  3.640000
717  0.460000
718  3.600000
719  0.540000
720  3.520000
721  0.620000
722  3.440000
723  0.680000
724  3.360000
725  0.780000
726  3.280000
727  0.860000
728  3.160000
729  0.980000
730  3.080000
731  1.100000
732  2.960000
733  1.200000
734  2.860000
735  1.320000
736  2.720000
737  1.440000
738  2.620000
739  1.560000
740  2.500000
741  1.660000
742  2.380000
743  1.800000
744  2.240000
745  1.940000
746  2.120000
747  2.060000
748  2.020000
749  2.200000
750  1.880000
751  2.320000
752  1.740000
753  2.440000
754  1.620000
755  2.560000
756  1.500000
757  2.700000
758  1.380000
759  2.820000
760  1.260000
761  2.920000
762  1.140000
763  3.040000
764  1.040000
765  3.100000
766  0.940000
767  3.240000
768  0.840000
769  3.340000
770  0.740000
771  3.420000
772  0.640000
773  3.460000
774  0.600000
775  3.560000
776  0.520000
777  3.620000
778  0.460000
779  3.700000
780  0.400000
781  3.720000
782  0.340000
783  3.780000
784  0.300000
785  3.800000
786  0.280000
787  3.840000
788  0.240000
789  3.840000
790  0.240000
791  3.860000
792  0.240000
793  3.840000
794  0.260000
795  3.840000
796  0.280000
797  3.800000
798  0.300000
799  3.780000
800  0.340000
801  3.720000
802  0.380000
803  3.680000
804  0.460000
805  3.600000
806  0.520000
807  3.540000
808  0.580000
809  3.460000
810  0.640000
811  3.380000
812  0.760000
813  3.300000
814  0.840000
815  3.200000
816  0.940000
817  3.100000
818  1.040000
819  3.000000
820  1.180000
821  2.880000
822  1.260000
823  2.780000
824  1.400000
825  2.660000
826  1.520000
827  2.540000
828  1.640000
829  2.400000
830  1.760000
831  2.300000
832  1.900000
833  2.160000
834  2.000000
835  2.040000
836  2.160000
837  1.900000
838  2.280000
839  1.780000
840  2.420000
841  1.660000
842  2.520000
843  1.540000
844  2.660000
845  1.420000
846  2.780000
847  1.300000
848  2.900000
849  1.180000
850  3.000000
851  1.080000
852  3.120000
853  0.980000
854  3.180000
855  0.880000
856  3.320000
857  0.740000
858  3.380000
859  0.700000
860  3.480000
861  0.620000
862  3.540000
863  0.580000
864  3.600000
865  0.480000
866  3.660000
867  0.420000
868  3.720000
869  0.360000
870  3.740000
871  0.320000
872  3.800000
873  0.280000
874  3.820000
875  0.240000
876  3.840000
877  0.220000
878  3.860000
879  0.220000
880  3.860000
881  0.240000
882  3.840000
883  0.260000
884  3.820000
885  0.300000
886  3.780000
887  0.320000
888  3.740000
889  0.360000
890  3.680000
891  0.440000
892  3.640000
893  0.500000
894  3.560000
895  0.560000
896  3.520000
897  0.620000
898  3.400000
899  0.720000
900  3.320000
901  0.820000
902  3.240000
903  0.900000
904  3.140000
905  1.020000
906  3.040000
907  1.120000
908  2.940000
909  1.240000
910  2.820000
911  1.360000
912  2.700000
913  1.480000
914  2.580000
915  1.580000
916  2.460000
917  1.700000
918  2.340000
919  1.840000
920  2.220000
921  1.980000
922  2.080000
923  2.120000
924  1.940000
925  2.220000
926  1.820000
927  2.380000
928  1.700000
929  2.480000
930  1.580000
931  2.600000
932  1.460000
933  2.740000
934  1.340000
935  2.840000
936  1.220000
937  2.960000
938  1.120000
939  3.060000
940  1.020000
941  3.180000
942  0.900000
943  3.260000
944  0.820000
945  3.360000
946  0.720000
947  3.440000
948  0.640000
949  3.500000
950  0.580000
951  3.580000
952  0.500000
953  3.640000
954  0.440000
955  3.700000
956  0.400000
957  3.760000
958  0.340000
959  3.780000
960  0.300000
961  3.820000
962  0.280000
963  3.820000
964  0.260000
965  3.860000
966  0.240000
967  3.860000
968  0.240000
969  3.840000
970  0.280000
971  3.820000
972  0.280000
973  3.800000
974  0.320000
975  3.740000
976  0.380000
977  3.720000
978  0.420000
979  3.620000
980  0.440000
981  3.580000
982  0.520000
983  3.520000
984  0.620000
985  3.440000
986  0.700000
987  3.340000
988  0.780000
989  3.260000
990  0.880000
991  3.180000
992  0.980000
993  3.080000
994  1.080000
995  2.960000
996  1.200000
997  2.880000
998  1.300000
999  2.740000
1000  1.440000
1001  2.640000
1002  1.520000
1003  2.500000
1004  1.680000
1005  2.400000
1006  1.800000
1007  2.240000
1008  1.900000
1009  2.120000
1010  2.060000
1011  1.980000
1012  2.180000
1013  1.880000
1014  2.320000
1015  1.740000
1016  2.440000
1017  1.620000
1018  2.540000
1019  1.500000
1020  2.700000
1021  1.380000
1022  2.800000
1023  1.260000
1024  2.920000
1025  1.160000
1026  3.020000
1027  1.040000
1028  3.120000
1029  0.940000
1030  3.220000
1031  0.860000
1032  3.320000
1033  0.760000
1034  3.420000
1035  0.680000
1036  3.480000
1037  0.600000
1038  3.560000
1039  0.520000
1040  3.620000
1041  0.460000
1042  3.680000
1043  0.400000
1044  3.700000
1045  0.360000
1046  3.780000
1047  0.300000
1048  3.780000
1049  0.300000
1050  3.820000
1051  0.260000
1052  3.840000
1053  0.260000
1054  3.860000
1055  0.240000
1056  3.820000
1057  0.260000
1058  3.820000
1059  0.300000
1060  3.780000
1061  0.320000
1062  3.760000
1063  0.360000
1064  3.700000
1065  0.400000
1066  3.660000
1067  0.440000
1068  3.620000
1069  0.520000
1070  3.560000
1071  0.580000
1072  3.480000
1073  0.660000
1074  3.400000
1075  0.720000
1076  3.300000
1077  0.820000
1078  3.220000
1079  0.920000
1080  3.120000
1081  1.040000
1082  3.020000
1083  1.120000
1084  2.900000
1085  1.260000
1086  2.800000
1087  1.380000
1088  2.680000
1089  1.500000
1090  2.560000
1091  1.620000
1092  2.420000
1093  1.740000
1094  2.320000
1095  1.900000
1096  2.180000
1097  2.000000
1098  2.060000
1099  2.160000
1100  1.920000
1101  2.220000
1102  1.800000
1103  2.380000
1104  1.680000
1105  2.500000
1106  1.560000
1107  2.620000
1108  1.440000
1109  2.740000
1110  1.320000
1111  2.820000
1112  1.180000
1113  2.980000
1114  1.100000
1115  3.080000
1116  0.980000
1117  3.180000
1118  0.900000
1119  3.280000
1120  0.800000
1121  3.360000
1122  0.700000
1123  3.440000
1124  0.620000
1125  3.500000
1126  0.560000
1127  3.600000
1128  0.480000
1129  3.660000
1130  0.420000
1131  3.700000
1132  0.380000
1133  3.760000
1134  0.340000
1135  3.800000
1136  0.300000
1137  3.820000
1138  0.280000
1139  3.820000
1140  0.260000
1141  3.860000
1142  0.240000
1143  3.840000
1144  0.280000
1145  3.820000
1146  0.300000
1147  3.820000
1148  0.300000
1149  3.780000
1150  0.340000
1151  3.740000
1152  0.380000
1153  3.700000
1154  0.440000
1155  3.660000
1156  0.480000
1157  3.580000
1158  0.560000
1159  3.520000
1160  0.620000
1161  3.440000
1162  0.700000
1163  3.360000
1164  0.800000
1165  3.260000
1166  0.860000
1167  3.180000
1168  0.980000
1169  3.060000
1170  1.080000
1171  2.960000
1172  1.200000
1173  2.840000
1174  1.300000
1175  2.740000
1176  1.440000
1177  2.620000
1178  1.560000
1179  2.500000
1180  1.680000
1181  2.380000
1182  1.800000
1183  2.260000
1184  1.920000
1185  2.120000
1186  2.060000
1187  2.000000
1188  2.180000
1189  1.860000
1190  2.340000
1191  1.740000
1192  2.440000
1193  1.620000
1194  2.540000
1195  1.520000
1196  2.680000
1197  1.380000
1198  2.800000
1199  1.280000
1200  2.920000
1201  1.160000
1202  3.020000
1203  1.060000
1204  3.140000
1205  0.920000
1206  3.240000
1207  0.860000
1208  3.320000
1209  0.740000
1210  3.420000
1211  0.680000
1212  3.500000
1213  0.580000
1214  3.560000
1215  0.520000
1216  3.640000
1217  0.440000
1218  3.700000
1219  0.420000
1220  3.740000
1221  0.360000
1222  3.780000
1223  0.320000
1224  3.800000
1225  0.280000
1226  3.820000
1227  0.260000
1228  3.840000
1229  0.260000
1230  3.860000
1231  0.260000
1232  3.860000
1233  0.260000
1234  3.820000
1235  0.300000
1236  3.800000
1237  0.320000
1238  3.760000
1239  0.360000
1240  3.720000
1241  0.400000
1242  3.680000
1243  0.480000
1244  3.620000
1245  0.520000
1246  3.560000
1247  0.580000
1248  3.480000
1249  0.660000
1250  3.420000
1251  0.740000
1252  3.320000
1253  0.840000
1254  3.220000
1255  0.920000
1256  3.140000
1257  1.040000
1258  3.020000
1259  1.140000
1260  2.920000
1261  1.260000
1262  2.800000
1263  1.380000
1264  2.680000
1265  1.500000
1266  2.560000
1267  1.600000
1268  2.460000
1269  1.740000
1270  2.320000
1271  1.840000
1272  2.200000
1273  2.000000
1274  2.060000
1275  2.120000
1276  1.940000
1277  2.220000
1278  1.820000
1279  2.360000
1280  1.700000
1281  2.500000
1282  1.560000
1283  2.620000
1284  1.460000
1285  2.740000
1286  1.340000
1287  2.840000
1288  1.220000
1289  2.940000
1290  1.100000
1291  3.060000
1292  1.000000
1293  3.180000
1294  0.900000
1295  3.280000
1296  0.820000
1297  3.380000
1298  0.720000
1299  3.440000
1300  0.640000
1301  3.500000
1302  0.540000
1303  3.580000
1304  0.500000
1305  3.660000
1306  0.440000
1307  3.700000
1308  0.400000
1309  3.760000
1310  0.340000
1311  3.780000
1312  0.320000
1313  3.820000
1314  0.280000
1315  3.820000
1316  0.260000
1317  3.820000
1318  0.240000
1319  3.840000
1320  0.280000
1321  3.820000
1322  0.280000
1323  3.820000
1324  0.300000
1325  3.800000
1326  0.340000
1327  3.740000
1328  0.380000
1329  3.700000
1330  0.420000
1331  3.640000
1332  0.480000
1333  3.600000
1334  0.540000
1335  3.520000
1336  0.620000
1337  3.460000
1338  0.700000
1339  3.360000
1340  0.780000
1341  3.280000
1342  0.880000
1343  3.180000
1344  1.000000
1345  3.080000
1346  1.080000
1347  2.980000
1348  1.220000
1349  2.860000
1350  1.300000
1351  2.740000
1352  1.460000
1353  2.640000
1354  1.540000
1355  2.500000
1356  1.680000
1357  2.400000
1358  1.780000
1359  2.260000
1360  1.900000
1361  2.140000
1362  2.040000
1363  2.000000
1364  2.160000
1365  1.900000
1366  2.300000
1367  1.760000
1368  2.400000
1369  1.640000
1370  2.540000
1371  1.520000
1372  2.660000
1373  1.420000
1374  2.780000
1375  1.280000
1376  2.880000
1377  1.180000
1378  3.000000
1379  1.060000
1380  3.100000
1381  0.960000
1382  3.220000
1383  0.840000
1384  3.320000
1385  0.760000
1386  3.400000
1387  0.660000
1388  3.480000
1389  0.600000
1390  3.560000
1391  0.520000
1392  3.620000
1393  0.480000
1394  3.680000
1395  0.400000
1396  3.740000
1397  0.380000
1398  3.780000
1399  0.320000
1400  3.780000
1401  0.300000
1402  3.820000
1403  0.280000
1404  3.820000
1405  0.260000
1406  3.860000
1407  0.260000
1408  3.820000
1409  0.260000
1410  3.820000
1411  0.280000
1412  3.800000
1413  0.320000
1414  3.780000
1415  0.340000
1416  3.740000
1417  0.400000
1418  3.700000
1419  0.460000
1420  3.620000
1421  0.520000
1422  3.580000
1423  0.560000
1424  3.500000
1425  0.640000
1426  3.420000
1427  0.720000
1428  3.320000
1429  0.820000
1430  3.240000
1431  0.920000
1432  3.140000
1433  1.040000
1434  3.040000
1435  1.140000
1436  2.920000
1437  1.260000
1438  2.820000
1439  1.360000
1440  2.720000
1441  1.480000
1442  2.580000
1443  1.600000
1444  2.460000
1445  1.740000
1446  2.340000
1447  1.880000
1448  2.200000
1449  1.980000
1450  2.100000
1451  2.100000
1452  1.960000
1453  2.220000
1454  1.840000
1455  2.360000
1456  1.680000
1457  2.480000
1458  1.580000
1459  2.600000
1460  1.460000
1461  2.720000
1462  1.360000
1463  2.820000
1464  1.240000
1465  2.960000
1466  1.120000
1467  3.060000
1468  1.000000
1469  3.160000
1470  0.920000
1471  3.260000
1472  0.800000
1473  3.360000
1474  0.720000
1475  3.440000
1476  0.640000
1477  3.500000
1478  0.560000
1479  3.580000
1480  0.500000
1481  3.640000
1482  0.460000
1483  3.720000
1484  0.400000
1485  3.740000
1486  0.360000
1487  3.800000
1488  0.300000
1489  3.800000
1490  0.300000
1491  3.820000
1492  0.260000
1493  3.820000
1494  0.260000
1495  3.820000
1496  0.260000
1497  3.820000
1498  0.280000
1499  3.820000
1500  0.300000
1501  3.780000
1502  0.320000
1503  3.760000
1504  0.360000
1505  3.680000
1506  0.420000
1507  3.680000
1508  0.460000
1509  3.600000
1510  0.540000
1511  3.540000
1512  0.620000
1513  3.460000
1514  0.700000
1515  3.380000
1516  0.780000
1517  3.280000
1518  0.880000
1519  3.180000
1520  0.960000
1521  3.080000
1522  1.080000
1523  2.980000
1524  1.180000
1525  2.860000
1526  1.300000
1527  2.780000
1528  1.420000
1529  2.640000
1530  1.540000
1531  2.520000
1532  1.660000
1533  2.420000
1534  1.780000
1535  2.300000
1536  1.880000
1537  2.160000
1538  2.020000
1539  2.040000
1540  2.160000
1541  1.900000
1542  2.300000
1543  1.780000
1544  2.400000
1545  1.660000
1546  2.540000
1547  1.540000
1548  2.660000
1549  1.420000
1550  2.780000
1551  1.300000
1552  2.880000
1553  1.180000
1554  3.000000
1555  1.080000
1556  3.100000
1557  0.960000
1558  3.180000
1559  0.880000
1560  3.320000
1561  0.760000
1562  3.400000
1563  0.700000
1564  3.460000
1565  0.600000
1566  3.540000
1567  0.540000
1568  3.580000
1569  0.480000
1570  3.680000
1571  0.440000
1572  3.700000
1573  0.380000
1574  3.760000
1575  0.360000
1576  3.760000
1577  0.300000
1578  3.820000
1579  0.300000
1580  3.820000
1581  0.260000
1582  3.820000
1583  0.240000
1584  3.820000
1585  0.260000
1586  3.820000
1587  0.280000
1588  3.820000
1589  0.300000
1590  3.780000
1591  0.340000
1592  3.760000
1593  0.360000
1594  3.680000
1595  0.440000
1596  3.620000
1597  0.500000
1598  3.560000
1599  0.580000
1600  3.500000
1601  0.660000
1602  3.400000
1603  0.740000
1604  3.360000
1605  0.820000
1606  3.240000
1607  0.920000
1608  3.160000
1609  1.020000
1610  3.040000
1611  1.140000
1612  2.940000
1613  1.220000
1614  2.820000
1615  1.360000
1616  2.700000
1617  1.460000
1618  2.600000
1619  1.580000
1620  2.480000
1621  1.700000
1622  2.340000
1623  1.840000
1624  2.220000
1625  1.960000
1626  2.100000
1627  2.100000
1628  1.980000
1629  2.200000
1630  1.840000
1631  2.360000
1632  1.720000
1633  2.460000
1634  1.600000
1635  2.600000
1636  1.480000
1637  2.680000
1638  1.360000
1639  2.820000
1640  1.240000
1641  2.940000
1642  1.100000
1643  3.060000
1644  1.040000
1645  3.160000
1646  0.920000
1647  3.240000
1648  0.820000
1649  3.320000
1650  0.740000
1651  3.420000
1652  0.660000
1653  3.500000
1654  0.580000
1655  3.560000
1656  0.520000
1657  3.620000
1658  0.440000
1659  3.680000
1660  0.420000
1661  3.740000
1662  0.360000
1663  3.780000
1664  0.320000
1665  3.820000
1666  0.280000
1667  3.820000
1668  0.260000
1669  3.860000
1670  0.240000
1671  3.820000
1672  0.240000
1673  3.820000
1674  0.260000
1675  3.820000
1676  0.300000
1677  3.800000
1678  0.320000
1679  3.760000
1680  0.360000
1681  3.720000
1682  0.420000
1683  3.660000
1684  0.480000
1685  3.600000
1686  0.520000
1687  3.500000
1688  0.600000
1689  3.460000
1690  0.680000
1691  3.380000
1692  0.780000
1693  3.280000
1694  0.860000
1695  3.180000
1696  0.960000
1697  3.100000
1698  1.060000
1699  3.000000
1700  1.180000
1701  2.900000
1702  1.280000
1703  2.780000
1704  1.400000
1705  2.660000
1706  1.500000
1707  2.540000
1708  1.640000
1709  2.400000
1710  1.780000
1711  2.280000
1712  1.920000
1713  2.160000
1714  2.020000
1715  2.040000
1716  2.160000
1717  1.900000
1718  2.280000
1719  1.780000
1720  2.420000
1721  1.660000
1722  2.540000
1723  1.520000
1724  2.660000
1725  1.440000
1726  2.760000
1727  1.300000
1728  2.880000
1729  1.200000
1730  2.980000
1731  1.060000
1732  3.100000
1733  0.980000
1734  3.180000
1735  0.880000
1736  3.300000
1737  0.800000
1738  3.380000
1739  0.700000
1740  3.460000
1741  0.620000
1742  3.520000
1743  0.540000
1744  3.600000
1745  0.480000
1746  3.660000
1747  0.420000
1748  3.720000
1749  0.400000
1750  3.760000
1751  0.320000
1752  3.780000
1753  0.300000
1754  3.820000
1755  0.280000
1756  3.820000
1757  0.260000
1758  3.860000
1759  0.240000
1760  3.820000
1761  0.260000
1762  3.800000
1763  0.280000
1764  3.800000
1765  0.320000
1766  3.780000
1767  0.360000
1768  3.740000
1769  0.400000
1770  3.700000
1771  0.440000
1772  3.620000
1773  0.520000
1774  3.560000
1775  0.560000
1776  3.500000
1777  0.660000
1778  3.440000
1779  0.720000
1780  3.340000
1781  0.820000
1782  3.240000
1783  0.900000
1784  3.160000
1785  1.040000
1786  3.040000
1787  1.120000
1788  2.940000
1789  1.240000
1790  2.820000
1791  1.360000
1792  2.700000
1793  1.480000
1794  2.600000
1795  1.600000
1796  2.440000
1797  1.720000
1798  2.340000
1799  1.840000
1800  2.200000
1801  1.960000
1802  2.080000
1803  2.100000
1804  1.960000
1805  2.240000
1806  1.840000
1807  2.360000
1808  1.700000
1809  2.480000
1810  1.580000
1811  2.600000
1812  1.480000
1813  2.720000
1814  1.340000
1815  2.820000
1816  1.220000
1817  2.960000
1818  1.120000
1819  3.060000
1820  1.000000
1821  3.160000
1822  0.920000
1823  3.260000
1824  0.820000
1825  3.360000
1826  0.740000
1827  3.440000
1828  0.600000
1829  3.520000
1830  0.560000
1831  3.580000
1832  0.500000
1833  3.640000
1834  0.440000
1835  3.700000
1836  0.380000
1837  3.760000
1838  0.340000
1839  3.780000
1840  0.300000
1841  3.820000
1842  0.280000
1843  3.820000
1844  0.260000
1845  3.860000
1846  0.260000
1847  3.860000
1848  0.260000
1849  3.820000
1850  0.280000
1851  3.820000
1852  0.300000
1853  3.800000
1854  0.360000
1855  3.760000
1856  0.360000
1857  3.720000
1858  0.440000
1859  3.640000
1860  0.500000
1861  3.580000
1862  0.560000
1863  3.500000
1864  0.620000
1865  3.440000
1866  0.700000
1867  3.360000
1868  0.780000
1869  3.280000
1870  0.900000
1871  3.180000
1872  0.980000
1873  3.080000
1874  1.100000
1875  2.980000
1876  1.200000
1877  2.860000
1878  1.320000
1879  2.740000
1880  1.440000
1881  2.640000
1882  1.560000
1883  2.520000
1884  1.680000
1885  2.380000
1886  1.820000
1887  2.260000
1888  1.940000
1889  2.120000
1890  2.080000
1891  2.000000
1892  2.200000
1893  1.860000
1894  2.320000
1895  1.740000
1896  2.440000
1897  1.580000
1898  2.580000
1899  1.500000
1900  2.700000
1901  1.340000
1902  2.800000
1903  1.260000
1904  2.900000
1905  1.140000
1906  3.020000
1907  1.040000
1908  3.120000
1909  0.940000
1910  3.220000
1911  0.840000
1912  3.320000
1913  0.740000
1914  3.420000
1915  0.660000
1916  3.500000
1917  0.580000
1918  3.560000
1919  0.500000
1920  3.620000
1921  0.440000
1922  3.680000
1923  0.400000
1924  3.720000
1925  0.340000
1926  3.780000
1927  0.320000
1928  3.800000
1929  0.280000
1930  3.820000
1931  0.260000
1932  3.820000
1933  0.240000
1934  3.860000
1935  0.260000
1936  3.820000
1937  0.280000
1938  3.820000
1939  0.300000
1940  3.780000
1941  0.320000
1942  3.760000
1943  0.360000
1944  3.720000
1945  0.400000
1946  3.660000
1947  0.480000
1948  3.600000
1949  0.520000
1950  3.540000
1951  0.600000
1952  3.460000
1953  0.680000
1954  3.400000
1955  0.780000
1956  3.300000
1957  0.860000
1958  3.180000
1959  0.960000
1960  3.120000
1961  1.060000
1962  3.000000
1963  1.180000
1964  2.860000
1965  1.280000
1966  2.780000
1967  1.420000
1968  2.640000
1969  1.540000
1970  2.540000
1971  1.640000
1972  2.420000
1973  1.780000
1974  2.280000
1975  1.920000
1976  2.160000
1977  2.040000
1978  2.000000
1979  2.180000
1980  1.880000
1981  2.280000
1982  1.740000
1983  2.420000
1984  1.640000
1985  2.540000
1986  1.540000
1987  2.660000
1988  1.400000
1989  2.760000
1990  1.260000
1991  2.900000
1992  1.160000
1993  3.000000
1994  1.060000
1995  3.100000
1996  0.940000
1997  3.200000
1998  0.840000
1999  3.300000
2000  0.740000
2001  3.400000
2002  0.660000
2003  3.480000
2004  0.580000
2005  3.560000
2006  0.520000
2007  3.620000
2008  0.440000
2009  3.660000
2010  0.400000
2011  3.740000
2012  0.360000
2013  3.760000
2014  0.300000
2015  3.800000
2016  0.280000
2017  3.820000
2018  0.260000
2019  3.840000
2020  0.240000
2021  3.840000
2022  0.260000
2023  3.840000
2024  0.260000
2025  3.820000
2026  0.280000
2027  3.800000
2028  0.320000
2029  3.760000
2030  0.380000
2031  3.740000
2032  0.400000
2033  3.660000
2034  0.460000
2035  3.620000
2036  0.520000
2037  3.540000
2038  0.580000
2039  3.480000
2040  0.680000
2041  3.400000
2042  0.740000
2043  3.320000
2044  0.840000
2045  3.220000
2046  0.940000
2047  3.120000
2048  0.000000
