Nama File =sin5H_200.dat
Time Samplig =0.0050
1  3.100000
2  2.080000
3  0.300000
4  3.720000
5  3.580000
6  3.420000
7  3.220000
8  3.000000
9  2.740000
10  2.480000
11  2.200000
12  1.940000
13  1.640000
14  1.400000
15  1.120000
16  0.920000
17  0.680000
18  0.520000
19  0.400000
20  0.320000
21  0.260000
22  0.260000
23  0.280000
24  0.400000
25  0.500000
26  0.660000
27  0.860000
28  1.100000
29  1.340000
30  1.600000
31  1.880000
32  2.160000
33  2.440000
34  2.680000
35  2.940000
36  3.160000
37  3.360000
38  3.540000
39  3.680000
40  3.780000
41  3.820000
42  3.860000
43  3.800000
44  3.740000
45  3.620000
46  3.460000
47  3.260000
48  3.060000
49  2.820000
50  2.540000
51  2.300000
52  2.000000
53  1.740000
54  1.440000
55  1.200000
56  0.960000
57  0.760000
58  0.560000
59  0.460000
60  0.340000
61  0.280000
62  0.220000
63  0.300000
64  0.340000
65  0.500000
66  0.620000
67  0.820000
68  1.040000
69  1.280000
70  1.520000
71  1.780000
72  2.080000
73  2.340000
74  2.600000
75  2.880000
76  3.120000
77  3.300000
78  3.500000
79  3.640000
80  3.760000
81  3.840000
82  3.880000
83  3.800000
84  3.760000
85  3.660000
86  3.500000
87  3.320000
88  3.120000
89  2.900000
90  2.620000
91  2.360000
92  2.080000
93  1.800000
94  1.520000
95  1.260000
96  1.000000
97  0.820000
98  0.620000
99  0.480000
100  0.340000
101  0.280000
102  0.240000
103  0.280000
104  0.320000
105  0.460000
106  0.580000
107  0.760000
108  0.980000
109  1.220000
110  1.480000
111  1.720000
112  2.020000
113  2.300000
114  2.540000
115  2.800000
116  3.060000
117  3.280000
118  3.460000
119  3.620000
120  3.720000
121  3.820000
122  3.860000
123  3.840000
124  3.780000
125  3.680000
126  3.560000
127  3.380000
128  3.160000
129  2.940000
130  2.680000
131  2.420000
132  2.140000
133  1.860000
134  1.600000
135  1.320000
136  1.080000
137  0.800000
138  0.660000
139  0.500000
140  0.380000
141  0.280000
142  0.260000
143  0.260000
144  0.320000
145  0.380000
146  0.560000
147  0.700000
148  0.920000
149  1.120000
150  1.400000
151  1.660000
152  1.940000
153  2.200000
154  2.500000
155  2.720000
156  2.980000
157  3.180000
158  3.400000
159  3.540000
160  3.660000
161  3.780000
162  3.840000
163  3.820000
164  3.780000
165  3.720000
166  3.580000
167  3.420000
168  3.220000
169  3.000000
170  2.760000
171  2.500000
172  2.200000
173  1.900000
174  1.660000
175  1.380000
176  1.140000
177  0.900000
178  0.700000
179  0.540000
180  0.400000
181  0.320000
182  0.280000
183  0.260000
184  0.300000
185  0.400000
186  0.520000
187  0.680000
188  0.860000
189  1.080000
190  1.340000
191  1.620000
192  1.840000
193  2.160000
194  2.420000
195  2.680000
196  2.920000
197  3.160000
198  3.360000
199  3.540000
200  3.680000
201  3.760000
202  3.820000
203  3.860000
204  3.780000
205  3.720000
206  3.620000
207  3.460000
208  3.300000
209  3.060000
210  2.820000
211  2.560000
212  2.300000
213  2.000000
214  1.720000
215  1.460000
216  1.200000
217  0.960000
218  0.740000
219  0.600000
220  0.440000
221  0.340000
222  0.260000
223  0.240000
224  0.280000
225  0.380000
226  0.460000
227  0.640000
228  0.780000
229  1.040000
230  1.220000
231  1.540000
232  1.780000
233  2.080000
234  2.360000
235  2.620000
236  2.860000
237  3.100000
238  3.320000
239  3.500000
240  3.640000
241  3.740000
242  3.820000
243  3.840000
244  3.820000
245  3.760000
246  3.660000
247  3.520000
248  3.340000
249  3.120000
250  2.880000
251  2.640000
252  2.380000
253  2.080000
254  1.800000
255  1.540000
256  1.260000
257  1.040000
258  0.800000
259  0.620000
260  0.480000
261  0.360000
262  0.280000
263  0.260000
264  0.280000
265  0.340000
266  0.460000
267  0.600000
268  0.780000
269  0.960000
270  1.200000
271  1.440000
272  1.740000
273  2.000000
274  2.280000
275  2.540000
276  2.820000
277  3.040000
278  3.280000
279  3.440000
280  3.640000
281  3.720000
282  3.800000
283  3.820000
284  3.840000
285  3.800000
286  3.680000
287  3.540000
288  3.380000
289  3.180000
290  2.940000
291  2.680000
292  2.440000
293  2.160000
294  1.860000
295  1.580000
296  1.320000
297  1.100000
298  0.840000
299  0.660000
300  0.500000
301  0.380000
302  0.300000
303  0.240000
304  0.300000
305  0.300000
306  0.420000
307  0.520000
308  0.720000
309  0.920000
310  1.160000
311  1.400000
312  1.680000
313  1.920000
314  2.220000
315  2.480000
316  2.740000
317  2.980000
318  3.220000
319  3.400000
320  3.560000
321  3.720000
322  3.780000
323  3.820000
324  3.840000
325  3.800000
326  3.700000
327  3.600000
328  3.420000
329  3.260000
330  3.000000
331  2.760000
332  2.500000
333  2.220000
334  1.940000
335  1.660000
336  1.400000
337  1.140000
338  0.920000
339  0.700000
340  0.540000
341  0.420000
342  0.300000
343  0.260000
344  0.260000
345  0.300000
346  0.340000
347  0.500000
348  0.660000
349  0.860000
350  1.080000
351  1.320000
352  1.580000
353  1.860000
354  2.140000
355  2.420000
356  2.660000
357  2.940000
358  3.160000
359  3.360000
360  3.500000
361  3.680000
362  3.760000
363  3.840000
364  3.820000
365  3.840000
366  3.740000
367  3.620000
368  3.480000
369  3.300000
370  3.080000
371  2.800000
372  2.540000
373  2.300000
374  2.020000
375  1.740000
376  1.480000
377  1.220000
378  0.980000
379  0.760000
380  0.580000
381  0.440000
382  0.340000
383  0.240000
384  0.240000
385  0.300000
386  0.380000
387  0.500000
388  0.620000
389  0.820000
390  1.040000
391  1.260000
392  1.520000
393  1.800000
394  2.080000
395  2.360000
396  2.600000
397  2.860000
398  3.100000
399  3.320000
400  3.480000
401  3.640000
402  3.760000
403  3.800000
404  3.840000
405  3.820000
406  3.780000
407  3.660000
408  3.520000
409  3.360000
410  3.140000
411  2.860000
412  2.620000
413  2.380000
414  2.100000
415  1.820000
416  1.540000
417  1.260000
418  1.040000
419  0.800000
420  0.620000
421  0.440000
422  0.360000
423  0.280000
424  0.240000
425  0.260000
426  0.340000
427  0.420000
428  0.580000
429  0.760000
430  0.980000
431  1.200000
432  1.460000
433  1.740000
434  2.020000
435  2.280000
436  2.560000
437  2.800000
438  3.040000
439  3.260000
440  3.460000
441  3.600000
442  3.700000
443  3.800000
444  3.860000
445  3.820000
446  3.780000
447  3.680000
448  3.540000
449  3.380000
450  3.180000
451  2.960000
452  2.700000
453  2.440000
454  2.160000
455  1.880000
456  1.600000
457  1.340000
458  1.100000
459  0.860000
460  0.660000
461  0.520000
462  0.380000
463  0.300000
464  0.240000
465  0.260000
466  0.320000
467  0.420000
468  0.540000
469  0.700000
470  0.920000
471  1.160000
472  1.420000
473  1.660000
474  1.940000
475  2.200000
476  2.480000
477  2.740000
478  3.000000
479  3.240000
480  3.400000
481  3.560000
482  3.720000
483  3.800000
484  3.820000
485  3.840000
486  3.800000
487  3.720000
488  3.600000
489  3.440000
490  3.240000
491  3.020000
492  2.760000
493  2.500000
494  2.220000
495  1.940000
496  1.660000
497  1.400000
498  1.100000
499  0.940000
500  0.700000
501  0.540000
502  0.400000
503  0.320000
504  0.260000
505  0.240000
506  0.300000
507  0.380000
508  0.500000
509  0.660000
510  0.860000
511  1.080000
512  1.340000
513  1.580000
514  1.840000
515  2.140000
516  2.420000
517  2.680000
518  2.920000
519  3.160000
520  3.360000
521  3.520000
522  3.660000
523  3.780000
524  3.820000
525  3.860000
526  3.800000
527  3.720000
528  3.620000
529  3.480000
530  3.280000
531  3.060000
532  2.840000
533  2.580000
534  2.300000
535  2.020000
536  1.760000
537  1.480000
538  1.220000
539  0.960000
540  0.780000
541  0.580000
542  0.460000
543  0.340000
544  0.300000
545  0.240000
546  0.300000
547  0.340000
548  0.480000
549  0.620000
550  0.800000
551  1.020000
552  1.260000
553  1.520000
554  1.800000
555  2.060000
556  2.340000
557  2.620000
558  2.860000
559  3.100000
560  3.300000
561  3.500000
562  3.620000
563  3.740000
564  3.840000
565  3.820000
566  3.840000
567  3.780000
568  3.660000
569  3.500000
570  3.340000
571  3.120000
572  2.900000
573  2.620000
574  2.380000
575  2.080000
576  1.820000
577  1.540000
578  1.280000
579  1.020000
580  0.820000
581  0.620000
582  0.480000
583  0.360000
584  0.300000
585  0.260000
586  0.280000
587  0.340000
588  0.440000
589  0.600000
590  0.740000
591  0.980000
592  1.200000
593  1.460000
594  1.700000
595  2.000000
596  2.280000
597  2.520000
598  2.800000
599  3.040000
600  3.260000
601  3.460000
602  3.600000
603  3.720000
604  3.800000
605  3.840000
606  3.820000
607  3.780000
608  3.700000
609  3.560000
610  3.400000
611  3.200000
612  2.960000
613  2.700000
614  2.400000
615  2.140000
616  1.880000
617  1.600000
618  1.340000
619  1.100000
620  0.860000
621  0.680000
622  0.500000
623  0.400000
624  0.280000
625  0.260000
626  0.260000
627  0.320000
628  0.400000
629  0.560000
630  0.700000
631  0.920000
632  1.140000
633  1.400000
634  1.640000
635  1.920000
636  2.200000
637  2.480000
638  2.740000
639  2.980000
640  3.180000
641  3.400000
642  3.580000
643  3.680000
644  3.780000
645  3.840000
646  3.880000
647  3.800000
648  3.740000
649  3.600000
650  3.440000
651  3.240000
652  3.000000
653  2.780000
654  2.520000
655  2.220000
656  1.940000
657  1.680000
658  1.400000
659  1.180000
660  0.920000
661  0.740000
662  0.540000
663  0.420000
664  0.320000
665  0.260000
666  0.260000
667  0.300000
668  0.380000
669  0.500000
670  0.680000
671  0.840000
672  1.080000
673  1.320000
674  1.580000
675  1.860000
676  2.140000
677  2.400000
678  2.680000
679  2.920000
680  3.140000
681  3.360000
682  3.520000
683  3.680000
684  3.760000
685  3.820000
686  3.840000
687  3.820000
688  3.740000
689  3.640000
690  3.480000
691  3.300000
692  3.080000
693  2.820000
694  2.580000
695  2.320000
696  2.000000
697  1.740000
698  1.480000
699  1.200000
700  0.980000
701  0.740000
702  0.600000
703  0.420000
704  0.340000
705  0.260000
706  0.260000
707  0.260000
708  0.360000
709  0.440000
710  0.620000
711  0.780000
712  1.020000
713  1.240000
714  1.540000
715  1.780000
716  2.060000
717  2.340000
718  2.600000
719  2.860000
720  3.100000
721  3.300000
722  3.480000
723  3.640000
724  3.740000
725  3.820000
726  3.860000
727  3.820000
728  3.760000
729  3.660000
730  3.520000
731  3.360000
732  3.120000
733  2.880000
734  2.640000
735  2.380000
736  2.100000
737  1.820000
738  1.540000
739  1.280000
740  1.040000
741  0.800000
742  0.620000
743  0.480000
744  0.360000
745  0.280000
746  0.240000
747  0.280000
748  0.320000
749  0.440000
750  0.560000
751  0.760000
752  0.940000
753  1.200000
754  1.440000
755  1.720000
756  1.980000
757  2.260000
758  2.520000
759  2.800000
760  3.000000
761  3.260000
762  3.440000
763  3.600000
764  3.720000
765  3.780000
766  3.820000
767  3.840000
768  3.800000
769  3.680000
770  3.580000
771  3.400000
772  3.180000
773  2.960000
774  2.680000
775  2.440000
776  2.200000
777  1.880000
778  1.580000
779  1.360000
780  1.080000
781  0.880000
782  0.660000
783  0.520000
784  0.400000
785  0.300000
786  0.240000
787  0.280000
788  0.320000
789  0.420000
790  0.540000
791  0.720000
792  0.920000
793  1.120000
794  1.360000
795  1.660000
796  1.920000
797  2.200000
798  2.460000
799  2.740000
800  2.960000
801  3.200000
802  3.400000
803  3.540000
804  3.700000
805  3.780000
806  3.840000
807  3.860000
808  3.800000
809  3.700000
810  3.580000
811  3.440000
812  3.240000
813  3.020000
814  2.780000
815  2.520000
816  2.240000
817  1.960000
818  1.680000
819  1.400000
820  1.160000
821  0.920000
822  0.720000
823  0.540000
824  0.420000
825  0.300000
826  0.260000
827  0.240000
828  0.300000
829  0.380000
830  0.480000
831  0.640000
832  0.860000
833  1.080000
834  1.320000
835  1.580000
836  1.860000
837  2.120000
838  2.400000
839  2.660000
840  2.920000
841  3.140000
842  3.340000
843  3.500000
844  3.680000
845  3.760000
846  3.840000
847  3.820000
848  3.820000
849  3.740000
850  3.640000
851  3.480000
852  3.280000
853  3.080000
854  2.840000
855  2.580000
856  2.320000
857  2.060000
858  1.740000
859  1.480000
860  1.200000
861  0.980000
862  0.780000
863  0.580000
864  0.460000
865  0.320000
866  0.280000
867  0.240000
868  0.300000
869  0.360000
870  0.460000
871  0.600000
872  0.820000
873  1.020000
874  1.260000
875  1.500000
876  1.780000
877  2.060000
878  2.320000
879  2.600000
880  2.860000
881  3.100000
882  3.300000
883  3.500000
884  3.640000
885  3.740000
886  3.820000
887  3.860000
888  3.820000
889  3.760000
890  3.660000
891  3.520000
892  3.360000
893  3.160000
894  2.880000
895  2.620000
896  2.380000
897  2.100000
898  1.840000
899  1.560000
900  1.260000
901  1.060000
902  0.800000
903  0.620000
904  0.480000
905  0.360000
906  0.280000
907  0.240000
908  0.280000
909  0.340000
910  0.440000
911  0.580000
912  0.740000
913  0.960000
914  1.180000
915  1.420000
916  1.700000
917  1.980000
918  2.260000
919  2.520000
920  2.800000
921  3.040000
922  3.240000
923  3.440000
924  3.580000
925  3.720000
926  3.800000
927  3.840000
928  3.840000
929  3.780000
930  3.700000
931  3.560000
932  3.400000
933  3.180000
934  2.960000
935  2.680000
936  2.460000
937  2.180000
938  1.900000
939  1.620000
940  1.340000
941  1.100000
942  0.880000
943  0.640000
944  0.520000
945  0.380000
946  0.300000
947  0.240000
948  0.260000
949  0.300000
950  0.400000
951  0.540000
952  0.700000
953  0.900000
954  1.140000
955  1.380000
956  1.640000
957  1.900000
958  2.200000
959  2.460000
960  2.720000
961  2.980000
962  3.200000
963  3.400000
964  3.560000
965  3.700000
966  3.780000
967  3.820000
968  3.840000
969  3.800000
970  3.720000
971  3.600000
972  3.420000
973  3.260000
974  3.040000
975  2.780000
976  2.520000
977  2.220000
978  1.960000
979  1.680000
980  1.420000
981  1.160000
982  0.940000
983  0.720000
984  0.560000
985  0.420000
986  0.320000
987  0.260000
988  0.260000
989  0.300000
990  0.380000
991  0.500000
992  0.640000
993  0.840000
994  1.060000
995  1.320000
996  1.580000
997  1.840000
998  2.120000
999  2.400000
1000  2.660000
1001  2.920000
1002  3.160000
1003  3.360000
1004  3.520000
1005  3.680000
1006  3.780000
1007  3.820000
1008  3.840000
1009  3.800000
1010  3.740000
1011  3.640000
1012  3.500000
1013  3.300000
1014  3.080000
1015  2.860000
1016  2.580000
1017  2.320000
1018  2.020000
1019  1.760000
1020  1.460000
1021  1.240000
1022  0.980000
1023  0.780000
1024  0.580000
1025  0.440000
1026  0.320000
1027  0.280000
1028  0.220000
1029  0.280000
1030  0.340000
1031  0.480000
1032  0.600000
1033  0.800000
1034  1.000000
1035  1.260000
1036  1.500000
1037  1.760000
1038  2.060000
1039  2.340000
1040  2.540000
1041  2.840000
1042  3.100000
1043  3.300000
1044  3.480000
1045  3.620000
1046  3.740000
1047  3.840000
1048  3.860000
1049  3.840000
1050  3.780000
1051  3.680000
1052  3.500000
1053  3.340000
1054  3.140000
1055  2.920000
1056  2.640000
1057  2.380000
1058  2.100000
1059  1.840000
1060  1.560000
1061  1.300000
1062  1.060000
1063  0.820000
1064  0.640000
1065  0.480000
1066  0.360000
1067  0.300000
1068  0.260000
1069  0.280000
1070  0.340000
1071  0.440000
1072  0.580000
1073  0.740000
1074  0.940000
1075  1.180000
1076  1.440000
1077  1.720000
1078  1.980000
1079  2.260000
1080  2.500000
1081  2.780000
1082  3.040000
1083  3.260000
1084  3.440000
1085  3.600000
1086  3.700000
1087  3.760000
1088  3.840000
1089  3.820000
1090  3.780000
1091  3.700000
1092  3.560000
1093  3.400000
1094  3.200000
1095  2.920000
1096  2.720000
1097  2.440000
1098  2.180000
1099  1.880000
1100  1.600000
1101  1.340000
1102  1.120000
1103  0.860000
1104  0.700000
1105  0.500000
1106  0.400000
1107  0.280000
1108  0.260000
1109  0.260000
1110  0.300000
1111  0.400000
1112  0.540000
1113  0.680000
1114  0.900000
1115  1.100000
1116  1.380000
1117  1.620000
1118  1.900000
1119  2.180000
1120  2.460000
1121  2.720000
1122  2.960000
1123  3.180000
1124  3.400000
1125  3.560000
1126  3.660000
1127  3.800000
1128  3.840000
1129  3.860000
1130  3.800000
1131  3.720000
1132  3.600000
1133  3.440000
1134  3.240000
1135  3.020000
1136  2.800000
1137  2.520000
1138  2.240000
1139  1.980000
1140  1.680000
1141  1.440000
1142  1.160000
1143  0.920000
1144  0.740000
1145  0.560000
1146  0.420000
1147  0.320000
1148  0.260000
1149  0.260000
1150  0.300000
1151  0.380000
1152  0.480000
1153  0.680000
1154  0.820000
1155  1.080000
1156  1.300000
1157  1.580000
1158  1.820000
1159  2.120000
1160  2.400000
1161  2.680000
1162  2.920000
1163  3.140000
1164  3.360000
1165  3.520000
1166  3.660000
1167  3.760000
1168  3.820000
1169  3.840000
1170  3.820000
1171  3.740000
1172  3.640000
1173  3.480000
1174  3.300000
1175  3.080000
1176  2.840000
1177  2.580000
1178  2.300000
1179  2.040000
1180  1.740000
1181  1.520000
1182  1.220000
1183  1.020000
1184  0.760000
1185  0.600000
1186  0.420000
1187  0.340000
1188  0.260000
1189  0.260000
1190  0.280000
1191  0.360000
1192  0.460000
1193  0.600000
1194  0.800000
1195  1.000000
1196  1.240000
1197  1.520000
1198  1.780000
1199  2.040000
1200  2.340000
1201  2.600000
1202  2.860000
1203  3.080000
1204  3.300000
1205  3.460000
1206  3.640000
1207  3.740000
1208  3.820000
1209  3.860000
1210  3.820000
1211  3.760000
1212  3.680000
1213  3.540000
1214  3.360000
1215  3.140000
1216  2.900000
1217  2.660000
1218  2.400000
1219  2.120000
1220  1.820000
1221  1.560000
1222  1.300000
1223  1.040000
1224  0.820000
1225  0.620000
1226  0.500000
1227  0.340000
1228  0.300000
1229  0.240000
1230  0.280000
1231  0.320000
1232  0.440000
1233  0.540000
1234  0.720000
1235  0.940000
1236  1.200000
1237  1.420000
1238  1.720000
1239  1.960000
1240  2.260000
1241  2.480000
1242  2.780000
1243  3.020000
1244  3.240000
1245  3.440000
1246  3.600000
1247  3.720000
1248  3.800000
1249  3.820000
1250  3.840000
1251  3.800000
1252  3.700000
1253  3.560000
1254  3.420000
1255  3.180000
1256  2.960000
1257  2.720000
1258  2.460000
1259  2.180000
1260  1.900000
1261  1.600000
1262  1.380000
1263  1.120000
1264  0.900000
1265  0.680000
1266  0.540000
1267  0.400000
1268  0.300000
1269  0.260000
1270  0.260000
1271  0.320000
1272  0.400000
1273  0.500000
1274  0.700000
1275  0.900000
1276  1.120000
1277  1.380000
1278  1.640000
1279  1.900000
1280  2.180000
1281  2.460000
1282  2.720000
1283  2.960000
1284  3.180000
1285  3.400000
1286  3.540000
1287  3.700000
1288  3.780000
1289  3.820000
1290  3.860000
1291  3.800000
1292  3.720000
1293  3.580000
1294  3.460000
1295  3.260000
1296  3.040000
1297  2.780000
1298  2.520000
1299  2.240000
1300  1.960000
1301  1.700000
1302  1.420000
1303  1.180000
1304  0.920000
1305  0.720000
1306  0.540000
1307  0.420000
1308  0.300000
1309  0.260000
1310  0.240000
1311  0.300000
1312  0.380000
1313  0.500000
1314  0.620000
1315  0.840000
1316  1.020000
1317  1.320000
1318  1.560000
1319  1.840000
1320  2.120000
1321  2.400000
1322  2.640000
1323  2.900000
1324  3.140000
1325  3.340000
1326  3.500000
1327  3.660000
1328  3.760000
1329  3.820000
1330  3.860000
1331  3.820000
1332  3.760000
1333  3.640000
1334  3.480000
1335  3.320000
1336  3.100000
1337  2.840000
1338  2.580000
1339  2.340000
1340  2.060000
1341  1.780000
1342  1.500000
1343  1.220000
1344  1.000000
1345  0.780000
1346  0.600000
1347  0.460000
1348  0.340000
1349  0.280000
1350  0.240000
1351  0.280000
1352  0.360000
1353  0.460000
1354  0.600000
1355  0.780000
1356  1.000000
1357  1.220000
1358  1.500000
1359  1.760000
1360  2.060000
1361  2.320000
1362  2.580000
1363  2.820000
1364  3.080000
1365  3.280000
1366  3.480000
1367  3.620000
1368  3.760000
1369  3.800000
1370  3.840000
1371  3.820000
1372  3.760000
1373  3.660000
1374  3.520000
1375  3.360000
1376  3.160000
1377  2.920000
1378  2.660000
1379  2.400000
1380  2.120000
1381  1.820000
1382  1.560000
1383  1.300000
1384  1.060000
1385  0.820000
1386  0.640000
1387  0.480000
1388  0.380000
1389  0.260000
1390  0.260000
1391  0.260000
1392  0.320000
1393  0.400000
1394  0.560000
1395  0.700000
1396  0.960000
1397  1.160000
1398  1.440000
1399  1.680000
1400  1.980000
1401  2.240000
1402  2.520000
1403  2.780000
1404  3.020000
1405  3.240000
1406  3.420000
1407  3.580000
1408  3.700000
1409  3.800000
1410  3.820000
1411  3.840000
1412  3.780000
1413  3.720000
1414  3.560000
1415  3.400000
1416  3.200000
1417  2.980000
1418  2.740000
1419  2.460000
1420  2.200000
1421  1.900000
1422  1.620000
1423  1.380000
1424  1.120000
1425  0.900000
1426  0.680000
1427  0.520000
1428  0.400000
1429  0.300000
1430  0.240000
1431  0.260000
1432  0.300000
1433  0.400000
1434  0.520000
1435  0.700000
1436  0.900000
1437  1.120000
1438  1.360000
1439  1.640000
1440  1.900000
1441  2.180000
1442  2.460000
1443  2.720000
1444  2.960000
1445  3.200000
1446  3.360000
1447  3.540000
1448  3.680000
1449  3.780000
1450  3.820000
1451  3.840000
1452  3.800000
1453  3.740000
1454  3.620000
1455  3.440000
1456  3.220000
1457  3.040000
1458  2.800000
1459  2.520000
1460  2.280000
1461  1.980000
1462  1.700000
1463  1.420000
1464  1.160000
1465  0.940000
1466  0.740000
1467  0.540000
1468  0.420000
1469  0.340000
1470  0.260000
1471  0.260000
1472  0.300000
1473  0.380000
1474  0.500000
1475  0.660000
1476  0.820000
1477  1.080000
1478  1.300000
1479  1.560000
1480  1.820000
1481  2.100000
1482  2.380000
1483  2.640000
1484  2.880000
1485  3.120000
1486  3.340000
1487  3.500000
1488  3.660000
1489  3.760000
1490  3.820000
1491  3.860000
1492  3.820000
1493  3.740000
1494  3.640000
1495  3.480000
1496  3.320000
1497  3.080000
1498  2.860000
1499  2.600000
1500  2.340000
1501  2.040000
1502  1.780000
1503  1.500000
1504  1.260000
1505  0.980000
1506  0.780000
1507  0.600000
1508  0.460000
1509  0.340000
1510  0.280000
1511  0.240000
1512  0.280000
1513  0.320000
1514  0.460000
1515  0.580000
1516  0.780000
1517  1.000000
1518  1.240000
1519  1.480000
1520  1.760000
1521  2.020000
1522  2.300000
1523  2.580000
1524  2.820000
1525  3.080000
1526  3.300000
1527  3.480000
1528  3.620000
1529  3.720000
1530  3.840000
1531  3.820000
1532  3.840000
1533  3.780000
1534  3.680000
1535  3.540000
1536  3.360000
1537  3.160000
1538  2.920000
1539  2.660000
1540  2.400000
1541  2.120000
1542  1.840000
1543  1.560000
1544  1.300000
1545  1.040000
1546  0.840000
1547  0.660000
1548  0.480000
1549  0.360000
1550  0.280000
1551  0.280000
1552  0.280000
1553  0.320000
1554  0.440000
1555  0.560000
1556  0.740000
1557  0.940000
1558  1.200000
1559  1.440000
1560  1.700000
1561  1.960000
1562  2.240000
1563  2.520000
1564  2.760000
1565  3.020000
1566  3.240000
1567  3.440000
1568  3.580000
1569  3.700000
1570  3.800000
1571  3.840000
1572  3.820000
1573  3.820000
1574  3.700000
1575  3.580000
1576  3.400000
1577  3.220000
1578  2.980000
1579  2.740000
1580  2.460000
1581  2.200000
1582  1.900000
1583  1.660000
1584  1.360000
1585  1.120000
1586  0.880000
1587  0.680000
1588  0.520000
1589  0.400000
1590  0.300000
1591  0.260000
1592  0.240000
1593  0.300000
1594  0.400000
1595  0.520000
1596  0.680000
1597  0.880000
1598  1.120000
1599  1.380000
1600  1.620000
1601  1.880000
1602  2.160000
1603  2.460000
1604  2.720000
1605  2.960000
1606  3.160000
1607  3.380000
1608  3.540000
1609  3.680000
1610  3.780000
1611  3.840000
1612  3.860000
1613  3.800000
1614  3.720000
1615  3.620000
1616  3.460000
1617  3.280000
1618  3.040000
1619  2.800000
1620  2.540000
1621  2.260000
1622  1.980000
1623  1.700000
1624  1.460000
1625  1.180000
1626  0.940000
1627  0.740000
1628  0.560000
1629  0.420000
1630  0.340000
1631  0.280000
1632  0.260000
1633  0.280000
1634  0.380000
1635  0.500000
1636  0.640000
1637  0.820000
1638  1.060000
1639  1.300000
1640  1.560000
1641  1.800000
1642  2.100000
1643  2.380000
1644  2.640000
1645  2.900000
1646  3.120000
1647  3.340000
1648  3.520000
1649  3.660000
1650  3.740000
1651  3.820000
1652  3.860000
1653  3.820000
1654  3.760000
1655  3.640000
1656  3.520000
1657  3.300000
1658  3.100000
1659  2.860000
1660  2.620000
1661  2.320000
1662  2.060000
1663  1.760000
1664  1.520000
1665  1.220000
1666  1.000000
1667  0.800000
1668  0.600000
1669  0.460000
1670  0.340000
1671  0.260000
1672  0.240000
1673  0.260000
1674  0.340000
1675  0.440000
1676  0.600000
1677  0.780000
1678  1.000000
1679  1.240000
1680  1.480000
1681  1.760000
1682  2.020000
1683  2.300000
1684  2.580000
1685  2.840000
1686  3.060000
1687  3.280000
1688  3.440000
1689  3.620000
1690  3.740000
1691  3.800000
1692  3.860000
1693  3.820000
1694  3.760000
1695  3.680000
1696  3.540000
1697  3.360000
1698  3.160000
1699  2.920000
1700  2.680000
1701  2.420000
1702  2.120000
1703  1.860000
1704  1.560000
1705  1.320000
1706  1.060000
1707  0.820000
1708  0.620000
1709  0.500000
1710  0.360000
1711  0.300000
1712  0.220000
1713  0.280000
1714  0.300000
1715  0.420000
1716  0.540000
1717  0.740000
1718  0.920000
1719  1.160000
1720  1.420000
1721  1.700000
1722  1.960000
1723  2.240000
1724  2.520000
1725  2.760000
1726  3.020000
1727  3.220000
1728  3.440000
1729  3.600000
1730  3.700000
1731  3.780000
1732  3.820000
1733  3.840000
1734  3.780000
1735  3.700000
1736  3.580000
1737  3.420000
1738  3.200000
1739  2.980000
1740  2.720000
1741  2.480000
1742  2.200000
1743  1.920000
1744  1.640000
1745  1.380000
1746  1.100000
1747  0.900000
1748  0.680000
1749  0.520000
1750  0.400000
1751  0.300000
1752  0.260000
1753  0.260000
1754  0.300000
1755  0.400000
1756  0.520000
1757  0.700000
1758  0.900000
1759  1.120000
1760  1.360000
1761  1.620000
1762  1.900000
1763  2.160000
1764  2.440000
1765  2.700000
1766  2.960000
1767  3.180000
1768  3.380000
1769  3.540000
1770  3.680000
1771  3.760000
1772  3.820000
1773  3.860000
1774  3.800000
1775  3.740000
1776  3.600000
1777  3.440000
1778  3.260000
1779  3.040000
1780  2.800000
1781  2.540000
1782  2.260000
1783  1.980000
1784  1.700000
1785  1.440000
1786  1.200000
1787  0.940000
1788  0.740000
1789  0.540000
1790  0.440000
1791  0.300000
1792  0.260000
1793  0.240000
1794  0.320000
1795  0.360000
1796  0.500000
1797  0.600000
1798  0.840000
1799  1.060000
1800  1.300000
1801  1.540000
1802  1.820000
1803  2.100000
1804  2.380000
1805  2.640000
1806  2.900000
1807  3.120000
1808  3.320000
1809  3.500000
1810  3.640000
1811  3.760000
1812  3.800000
1813  3.880000
1814  3.840000
1815  3.760000
1816  3.640000
1817  3.500000
1818  3.320000
1819  3.120000
1820  2.880000
1821  2.600000
1822  2.340000
1823  2.060000
1824  1.780000
1825  1.520000
1826  1.260000
1827  1.000000
1828  0.800000
1829  0.600000
1830  0.480000
1831  0.360000
1832  0.280000
1833  0.240000
1834  0.280000
1835  0.360000
1836  0.460000
1837  0.600000
1838  0.780000
1839  1.000000
1840  1.220000
1841  1.500000
1842  1.740000
1843  2.040000
1844  2.300000
1845  2.560000
1846  2.820000
1847  3.080000
1848  3.280000
1849  3.460000
1850  3.620000
1851  3.740000
1852  3.800000
1853  3.840000
1854  3.820000
1855  3.780000
1856  3.680000
1857  3.520000
1858  3.340000
1859  3.160000
1860  2.920000
1861  2.680000
1862  2.400000
1863  2.120000
1864  1.840000
1865  1.560000
1866  1.300000
1867  1.080000
1868  0.820000
1869  0.660000
1870  0.460000
1871  0.380000
1872  0.280000
1873  0.260000
1874  0.240000
1875  0.340000
1876  0.400000
1877  0.560000
1878  0.700000
1879  0.940000
1880  1.160000
1881  1.420000
1882  1.660000
1883  1.960000
1884  2.220000
1885  2.500000
1886  2.760000
1887  3.020000
1888  3.220000
1889  3.420000
1890  3.580000
1891  3.700000
1892  3.800000
1893  3.840000
1894  3.820000
1895  3.800000
1896  3.720000
1897  3.580000
1898  3.420000
1899  3.220000
1900  2.980000
1901  2.740000
1902  2.480000
1903  2.200000
1904  1.880000
1905  1.640000
1906  1.380000
1907  1.140000
1908  0.900000
1909  0.700000
1910  0.540000
1911  0.400000
1912  0.320000
1913  0.280000
1914  0.260000
1915  0.300000
1916  0.400000
1917  0.520000
1918  0.680000
1919  0.880000
1920  1.120000
1921  1.340000
1922  1.620000
1923  1.880000
1924  2.180000
1925  2.440000
1926  2.700000
1927  2.940000
1928  3.180000
1929  3.380000
1930  3.540000
1931  3.680000
1932  3.780000
1933  3.820000
1934  3.840000
1935  3.820000
1936  3.740000
1937  3.580000
1938  3.440000
1939  3.280000
1940  3.060000
1941  2.820000
1942  2.560000
1943  2.280000
1944  2.000000
1945  1.700000
1946  1.440000
1947  1.180000
1948  0.960000
1949  0.740000
1950  0.560000
1951  0.400000
1952  0.340000
1953  0.260000
1954  0.260000
1955  0.280000
1956  0.380000
1957  0.460000
1958  0.640000
1959  0.820000
1960  1.040000
1961  1.280000
1962  1.560000
1963  1.800000
1964  2.100000
1965  2.360000
1966  2.620000
1967  2.880000
1968  3.120000
1969  3.340000
1970  3.500000
1971  3.620000
1972  3.740000
1973  3.820000
1974  3.860000
1975  3.820000
1976  3.760000
1977  3.640000
1978  3.500000
1979  3.320000
1980  3.120000
1981  2.860000
1982  2.620000
1983  2.340000
1984  2.060000
1985  1.780000
1986  1.520000
1987  1.240000
1988  1.020000
1989  0.800000
1990  0.600000
1991  0.480000
1992  0.340000
1993  0.280000
1994  0.220000
1995  0.280000
1996  0.320000
1997  0.460000
1998  0.580000
1999  0.780000
2000  0.980000
2001  1.240000
2002  1.460000
2003  1.720000
2004  2.020000
2005  2.320000
2006  2.540000
2007  2.820000
2008  3.080000
2009  3.300000
2010  3.480000
2011  3.620000
2012  3.720000
2013  3.800000
2014  3.860000
2015  3.840000
2016  3.780000
2017  3.680000
2018  3.560000
2019  3.380000
2020  3.160000
2021  2.940000
2022  2.680000
2023  2.420000
2024  2.120000
2025  1.860000
2026  1.580000
2027  1.320000
2028  1.060000
2029  0.860000
2030  0.640000
2031  0.500000
2032  0.360000
2033  0.300000
2034  0.260000
2035  0.260000
2036  0.320000
2037  0.420000
2038  0.560000
2039  0.720000
2040  0.900000
2041  1.160000
2042  1.420000
2043  1.680000
2044  1.960000
2045  2.220000
2046  2.520000
2047  2.780000
2048  0.000000
