Nama File =sin5H_2k.dat
Time Samplig =0.0005
1  0.000000
2  2.080000
3  0.300000
4  2.060000
5  2.080000
6  2.120000
7  2.140000
8  2.160000
9  2.200000
10  2.220000
11  2.260000
12  2.280000
13  2.320000
14  2.340000
15  2.360000
16  2.380000
17  2.420000
18  2.440000
19  2.480000
20  2.500000
21  2.520000
22  2.540000
23  2.580000
24  2.620000
25  2.620000
26  2.660000
27  2.680000
28  2.720000
29  2.740000
30  2.780000
31  2.800000
32  2.820000
33  2.840000
34  2.880000
35  2.900000
36  2.920000
37  2.960000
38  2.980000
39  3.000000
40  3.020000
41  3.060000
42  3.080000
43  3.100000
44  3.120000
45  3.160000
46  3.160000
47  3.180000
48  3.220000
49  3.240000
50  3.240000
51  3.260000
52  3.300000
53  3.300000
54  3.340000
55  3.360000
56  3.380000
57  3.400000
58  3.380000
59  3.440000
60  3.440000
61  3.460000
62  3.480000
63  3.500000
64  3.500000
65  3.520000
66  3.540000
67  3.580000
68  3.580000
69  3.600000
70  3.600000
71  3.620000
72  3.640000
73  3.660000
74  3.680000
75  3.680000
76  3.680000
77  3.700000
78  3.720000
79  3.720000
80  3.740000
81  3.740000
82  3.760000
83  3.760000
84  3.760000
85  3.800000
86  3.780000
87  3.800000
88  3.780000
89  3.780000
90  3.820000
91  3.800000
92  3.820000
93  3.820000
94  3.820000
95  3.820000
96  3.840000
97  3.820000
98  3.840000
99  3.840000
100  3.840000
101  3.840000
102  3.840000
103  3.860000
104  3.840000
105  3.820000
106  0.300000
107  3.840000
108  3.820000
109  3.820000
110  0.300000
111  3.840000
112  3.820000
113  3.820000
114  3.800000
115  3.800000
116  3.800000
117  3.780000
118  3.780000
119  3.760000
120  3.780000
121  3.760000
122  3.760000
123  3.720000
124  3.720000
125  3.700000
126  3.680000
127  3.680000
128  3.680000
129  3.660000
130  3.640000
131  3.640000
132  3.620000
133  3.600000
134  3.600000
135  3.580000
136  3.560000
137  3.540000
138  3.520000
139  3.520000
140  3.500000
141  3.480000
142  3.460000
143  3.460000
144  3.440000
145  3.420000
146  3.400000
147  3.360000
148  3.360000
149  3.340000
150  3.320000
151  3.300000
152  3.280000
153  3.240000
154  3.240000
155  3.200000
156  3.180000
157  3.160000
158  3.140000
159  3.120000
160  3.100000
161  3.080000
162  3.060000
163  3.020000
164  3.000000
165  2.960000
166  2.940000
167  2.920000
168  2.880000
169  2.880000
170  2.840000
171  2.820000
172  2.780000
173  2.760000
174  2.740000
175  2.700000
176  2.680000
177  2.640000
178  2.620000
179  2.600000
180  2.560000
181  2.540000
182  2.500000
183  2.480000
184  2.440000
185  2.440000
186  2.400000
187  2.380000
188  2.340000
189  2.340000
190  2.300000
191  2.260000
192  2.240000
193  2.200000
194  2.180000
195  2.160000
196  2.120000
197  2.100000
198  2.060000
199  2.020000
200  2.000000
201  1.960000
202  1.940000
203  1.900000
204  1.880000
205  1.860000
206  1.820000
207  1.800000
208  1.740000
209  1.720000
210  1.700000
211  1.680000
212  1.660000
213  1.620000
214  1.580000
215  1.580000
216  1.540000
217  1.520000
218  1.500000
219  1.460000
220  1.440000
221  1.400000
222  1.380000
223  1.340000
224  1.300000
225  1.280000
226  1.260000
227  1.240000
228  1.220000
229  1.200000
230  1.180000
231  1.120000
232  1.100000
233  1.100000
234  1.060000
235  1.060000
236  1.020000
237  1.000000
238  0.980000
239  0.940000
240  0.920000
241  0.900000
242  0.860000
243  0.840000
244  0.820000
245  0.800000
246  0.780000
247  0.760000
248  0.760000
249  0.720000
250  0.700000
251  0.680000
252  0.660000
253  0.660000
254  0.620000
255  0.600000
256  0.600000
257  0.580000
258  0.560000
259  0.560000
260  0.520000
261  0.520000
262  0.500000
263  0.480000
264  0.480000
265  0.460000
266  0.440000
267  0.420000
268  0.420000
269  0.400000
270  0.400000
271  0.400000
272  0.380000
273  0.360000
274  0.360000
275  0.340000
276  0.340000
277  0.340000
278  0.320000
279  0.320000
280  0.300000
281  0.300000
282  0.280000
283  0.280000
284  0.280000
285  0.260000
286  0.280000
287  0.260000
288  0.260000
289  0.260000
290  0.260000
291  0.260000
292  0.260000
293  0.240000
294  0.240000
295  0.240000
296  0.260000
297  0.260000
298  0.260000
299  0.260000
300  0.240000
301  0.260000
302  0.260000
303  0.240000
304  0.260000
305  0.280000
306  0.280000
307  0.300000
308  0.300000
309  0.320000
310  0.320000
311  0.320000
312  0.340000
313  0.340000
314  0.360000
315  0.380000
316  0.380000
317  0.400000
318  0.400000
319  0.420000
320  0.420000
321  0.420000
322  0.440000
323  0.440000
324  0.460000
325  0.480000
326  0.480000
327  0.500000
328  0.520000
329  0.540000
330  0.560000
331  0.560000
332  0.580000
333  0.580000
334  0.600000
335  0.640000
336  0.660000
337  0.680000
338  0.700000
339  0.700000
340  0.740000
341  0.740000
342  0.740000
343  0.800000
344  0.800000
345  0.840000
346  0.860000
347  0.900000
348  0.920000
349  0.920000
350  0.960000
351  1.000000
352  1.000000
353  1.040000
354  1.060000
355  1.080000
356  1.100000
357  1.120000
358  1.140000
359  1.160000
360  1.200000
361  1.220000
362  1.240000
363  1.260000
364  0.000000
365  1.320000
366  1.360000
367  1.380000
368  1.400000
369  1.440000
370  1.460000
371  1.500000
372  1.520000
373  1.540000
374  1.560000
375  1.580000
376  1.620000
377  1.640000
378  1.680000
379  1.700000
380  1.740000
381  1.780000
382  1.780000
383  1.820000
384  1.840000
385  1.880000
386  1.920000
387  1.940000
388  1.980000
389  2.000000
390  2.020000
391  2.060000
392  2.080000
393  2.120000
394  2.140000
395  2.180000
396  2.220000
397  2.220000
398  2.260000
399  2.280000
400  2.320000
401  2.340000
402  2.380000
403  2.400000
404  2.400000
405  2.440000
406  2.480000
407  2.500000
408  2.520000
409  2.560000
410  2.600000
411  2.620000
412  2.660000
413  2.680000
414  2.700000
415  2.720000
416  2.760000
417  2.780000
418  2.800000
419  2.820000
420  2.840000
421  2.880000
422  2.920000
423  2.920000
424  2.960000
425  2.980000
426  3.000000
427  3.040000
428  3.060000
429  3.080000
430  3.120000
431  3.120000
432  3.160000
433  3.160000
434  3.200000
435  3.220000
436  3.240000
437  3.260000
438  3.280000
439  3.320000
440  3.320000
441  3.320000
442  3.360000
443  3.380000
444  3.400000
445  3.420000
446  3.420000
447  3.460000
448  3.480000
449  3.480000
450  3.500000
451  3.520000
452  3.520000
453  3.540000
454  3.560000
455  3.600000
456  3.600000
457  3.620000
458  3.620000
459  3.640000
460  3.660000
461  3.700000
462  3.680000
463  3.700000
464  3.700000
465  3.720000
466  3.720000
467  3.720000
468  3.740000
469  3.760000
470  3.780000
471  3.760000
472  3.780000
473  3.800000
474  3.800000
475  3.800000
476  3.820000
477  3.820000
478  3.800000
479  3.820000
480  3.820000
481  3.820000
482  3.840000
483  3.820000
484  3.840000
485  3.840000
486  3.840000
487  3.840000
488  3.860000
489  3.840000
490  3.840000
491  3.840000
492  3.840000
493  3.840000
494  3.820000
495  3.820000
496  3.820000
497  3.820000
498  3.820000
499  3.820000
500  3.820000
501  3.800000
502  3.800000
503  3.800000
504  3.780000
505  3.780000
506  3.800000
507  3.760000
508  3.760000
509  3.740000
510  3.740000
511  3.740000
512  3.700000
513  3.720000
514  3.680000
515  3.680000
516  3.660000
517  3.660000
518  3.660000
519  3.640000
520  3.600000
521  3.600000
522  3.580000
523  3.560000
524  3.560000
525  3.520000
526  3.520000
527  3.500000
528  3.480000
529  3.480000
530  3.440000
531  3.440000
532  3.420000
533  3.400000
534  3.380000
535  3.320000
536  3.340000
537  3.320000
538  3.280000
539  3.280000
540  3.240000
541  3.240000
542  3.200000
543  3.160000
544  3.160000
545  3.140000
546  3.120000
547  3.100000
548  3.080000
549  3.040000
550  3.020000
551  3.000000
552  2.980000
553  2.940000
554  2.920000
555  2.880000
556  2.860000
557  2.840000
558  2.820000
559  2.780000
560  2.760000
561  2.740000
562  2.720000
563  2.680000
564  2.660000
565  2.640000
566  2.600000
567  2.560000
568  2.540000
569  2.520000
570  2.500000
571  2.460000
572  2.440000
573  2.400000
574  2.360000
575  2.340000
576  2.300000
577  2.280000
578  2.240000
579  2.220000
580  2.200000
581  2.180000
582  2.160000
583  2.120000
584  2.080000
585  2.060000
586  2.040000
587  2.000000
588  1.960000
589  1.940000
590  1.900000
591  1.880000
592  1.840000
593  1.820000
594  1.780000
595  1.760000
596  1.720000
597  1.700000
598  1.660000
599  1.640000
600  1.620000
601  1.580000
602  1.560000
603  1.540000
604  1.500000
605  1.480000
606  1.440000
607  1.420000
608  1.420000
609  1.380000
610  1.360000
611  1.320000
612  1.280000
613  1.260000
614  1.180000
615  1.200000
616  1.140000
617  1.160000
618  1.140000
619  1.120000
620  1.100000
621  1.080000
622  1.040000
623  1.020000
624  0.980000
625  0.960000
626  0.940000
627  0.920000
628  0.900000
629  0.880000
630  0.860000
631  0.840000
632  0.780000
633  0.780000
634  0.740000
635  0.740000
636  0.720000
637  0.680000
638  0.680000
639  0.660000
640  0.640000
641  0.620000
642  0.600000
643  0.600000
644  0.600000
645  0.560000
646  0.560000
647  0.540000
648  0.520000
649  0.500000
650  0.480000
651  0.460000
652  0.440000
653  0.440000
654  0.420000
655  0.400000
656  0.400000
657  0.400000
658  0.380000
659  0.380000
660  0.360000
661  0.360000
662  0.360000
663  0.340000
664  0.340000
665  0.320000
666  0.320000
667  0.320000
668  0.300000
669  0.300000
670  0.260000
671  0.260000
672  0.260000
673  0.240000
674  0.240000
675  0.260000
676  0.240000
677  0.240000
678  0.260000
679  0.240000
680  0.240000
681  0.240000
682  0.240000
683  0.240000
684  0.260000
685  0.260000
686  0.260000
687  0.260000
688  0.260000
689  0.280000
690  0.260000
691  0.260000
692  0.260000
693  0.260000
694  0.280000
695  0.280000
696  0.300000
697  0.320000
698  0.340000
699  0.340000
700  0.340000
701  0.360000
702  0.380000
703  0.380000
704  0.400000
705  0.400000
706  0.400000
707  0.420000
708  0.420000
709  0.460000
710  0.460000
711  0.460000
712  0.480000
713  0.480000
714  0.500000
715  0.520000
716  0.520000
717  0.560000
718  0.580000
719  0.580000
720  0.620000
721  0.620000
722  0.640000
723  0.660000
724  0.680000
725  0.720000
726  0.720000
727  0.760000
728  0.760000
729  0.760000
730  0.800000
731  0.800000
732  0.820000
733  0.840000
734  0.860000
735  0.900000
736  0.940000
737  0.960000
738  0.980000
739  1.000000
740  1.040000
741  1.060000
742  1.080000
743  1.120000
744  1.120000
745  1.160000
746  1.180000
747  1.200000
748  1.220000
749  1.220000
750  1.260000
751  1.300000
752  1.320000
753  1.360000
754  1.380000
755  1.420000
756  1.440000
757  1.460000
758  1.480000
759  1.520000
760  1.560000
761  1.580000
762  1.580000
763  1.620000
764  1.640000
765  1.680000
766  1.720000
767  1.740000
768  1.780000
769  1.780000
770  1.820000
771  1.840000
772  1.880000
773  1.900000
774  1.940000
775  1.960000
776  2.000000
777  2.040000
778  2.060000
779  2.100000
780  2.120000
781  2.140000
782  2.180000
783  2.200000
784  2.220000
785  2.260000
786  2.300000
787  2.320000
788  2.340000
789  2.380000
790  2.380000
791  2.440000
792  2.460000
793  2.480000
794  2.520000
795  2.540000
796  0.300000
797  2.600000
798  2.620000
799  2.660000
800  2.660000
801  2.700000
802  2.720000
803  2.760000
804  2.780000
805  2.800000
806  2.820000
807  2.860000
808  2.860000
809  2.920000
810  2.880000
811  2.960000
812  2.980000
813  3.000000
814  3.040000
815  3.060000
816  3.080000
817  3.120000
818  3.140000
819  3.160000
820  3.180000
821  3.180000
822  3.220000
823  3.240000
824  3.260000
825  3.280000
826  3.300000
827  3.340000
828  3.340000
829  3.340000
830  3.400000
831  3.400000
832  3.420000
833  3.440000
834  3.460000
835  3.480000
836  3.480000
837  3.500000
838  3.520000
839  3.540000
840  3.560000
841  3.560000
842  3.580000
843  3.600000
844  3.620000
845  3.640000
846  3.640000
847  3.660000
848  3.640000
849  3.680000
850  3.700000
851  3.700000
852  3.700000
853  3.740000
854  3.740000
855  3.740000
856  3.760000
857  3.760000
858  3.780000
859  3.780000
860  3.800000
861  3.800000
862  3.800000
863  3.820000
864  3.800000
865  3.820000
866  3.820000
867  3.820000
868  0.300000
869  3.820000
870  0.300000
871  3.840000
872  3.840000
873  3.860000
874  3.840000
875  3.860000
876  3.860000
877  3.840000
878  3.840000
879  3.840000
880  3.840000
881  3.840000
882  3.820000
883  3.820000
884  3.820000
885  3.820000
886  3.820000
887  3.820000
888  3.820000
889  3.780000
890  3.760000
891  3.800000
892  3.780000
893  3.780000
894  3.760000
895  3.760000
896  3.760000
897  3.720000
898  3.720000
899  3.720000
900  3.700000
901  3.700000
902  3.680000
903  3.660000
904  3.660000
905  3.640000
906  3.640000
907  3.600000
908  3.600000
909  3.560000
910  3.560000
911  3.560000
912  3.520000
913  3.500000
914  3.500000
915  3.480000
916  3.460000
917  3.460000
918  3.440000
919  3.420000
920  3.380000
921  3.380000
922  3.340000
923  3.320000
924  3.320000
925  3.280000
926  3.280000
927  3.240000
928  3.220000
929  3.220000
930  3.180000
931  3.160000
932  3.140000
933  3.100000
934  3.100000
935  3.060000
936  3.040000
937  3.020000
938  2.980000
939  2.980000
940  2.940000
941  2.920000
942  2.900000
943  2.860000
944  2.840000
945  2.820000
946  2.760000
947  2.760000
948  2.720000
949  2.700000
950  2.660000
951  2.640000
952  2.620000
953  2.580000
954  2.560000
955  2.540000
956  2.500000
957  2.480000
958  2.460000
959  2.420000
960  2.400000
961  2.360000
962  2.340000
963  2.300000
964  2.280000
965  2.260000
966  2.220000
967  2.200000
968  2.160000
969  2.140000
970  2.120000
971  2.080000
972  2.060000
973  2.020000
974  2.000000
975  1.960000
976  1.940000
977  1.880000
978  1.880000
979  1.840000
980  1.820000
981  1.780000
982  1.760000
983  1.720000
984  1.660000
985  1.660000
986  1.620000
987  1.600000
988  1.580000
989  1.560000
990  1.540000
991  1.520000
992  1.480000
993  1.460000
994  1.420000
995  1.400000
996  1.380000
997  1.340000
998  1.320000
999  1.280000
1000  1.240000
1001  1.240000
1002  1.220000
1003  1.200000
1004  1.160000
1005  1.100000
1006  1.100000
1007  1.080000
1008  1.060000
1009  1.040000
1010  1.020000
1011  1.000000
1012  0.960000
1013  0.940000
1014  0.920000
1015  0.900000
1016  0.880000
1017  0.860000
1018  0.820000
1019  0.820000
1020  0.780000
1021  0.780000
1022  0.720000
1023  0.720000
1024  0.680000
1025  0.680000
1026  0.660000
1027  0.640000
1028  0.620000
1029  0.620000
1030  0.600000
1031  0.560000
1032  0.580000
1033  0.540000
1034  0.540000
1035  0.500000
1036  0.500000
1037  0.480000
1038  0.460000
1039  0.460000
1040  0.420000
1041  0.400000
1042  0.400000
1043  0.380000
1044  0.380000
1045  0.360000
1046  0.360000
1047  0.360000
1048  0.360000
1049  0.360000
1050  0.340000
1051  0.340000
1052  0.340000
1053  0.300000
1054  0.320000
1055  0.280000
1056  0.300000
1057  0.300000
1058  0.280000
1059  0.280000
1060  0.260000
1061  0.260000
1062  0.260000
1063  0.240000
1064  0.240000
1065  0.240000
1066  0.240000
1067  0.240000
1068  0.240000
1069  0.260000
1070  0.240000
1071  0.240000
1072  0.260000
1073  0.260000
1074  0.260000
1075  0.260000
1076  0.280000
1077  0.280000
1078  0.280000
1079  0.280000
1080  0.280000
1081  0.280000
1082  0.300000
1083  0.300000
1084  0.300000
1085  0.320000
1086  0.320000
1087  0.360000
1088  0.360000
1089  0.380000
1090  0.380000
1091  0.380000
1092  0.400000
1093  0.420000
1094  0.420000
1095  0.440000
1096  0.440000
1097  0.460000
1098  0.460000
1099  0.500000
1100  0.500000
1101  0.500000
1102  0.520000
1103  0.540000
1104  0.560000
1105  0.560000
1106  0.580000
1107  0.620000
1108  0.620000
1109  0.640000
1110  0.660000
1111  0.680000
1112  0.700000
1113  0.740000
1114  0.740000
1115  0.760000
1116  0.800000
1117  0.820000
1118  0.840000
1119  0.840000
1120  0.860000
1121  0.880000
1122  0.900000
1123  0.920000
1124  0.940000
1125  0.980000
1126  1.020000
1127  1.040000
1128  1.060000
1129  1.080000
1130  1.080000
1131  1.140000
1132  1.160000
1133  1.180000
1134  1.200000
1135  1.240000
1136  1.260000
1137  1.280000
1138  1.320000
1139  1.340000
1140  1.360000
1141  1.400000
1142  1.400000
1143  1.440000
1144  1.480000
1145  1.480000
1146  1.520000
1147  1.540000
1148  1.580000
1149  1.600000
1150  1.620000
1151  1.660000
1152  1.680000
1153  1.720000
1154  1.740000
1155  1.760000
1156  1.820000
1157  1.840000
1158  1.860000
1159  1.880000
1160  1.900000
1161  1.940000
1162  1.960000
1163  1.980000
1164  2.020000
1165  2.060000
1166  2.080000
1167  2.120000
1168  2.160000
1169  2.180000
1170  2.200000
1171  2.240000
1172  2.280000
1173  2.300000
1174  2.340000
1175  2.360000
1176  2.380000
1177  2.420000
1178  2.420000
1179  2.460000
1180  2.480000
1181  2.520000
1182  2.540000
1183  0.300000
1184  2.600000
1185  2.620000
1186  2.640000
1187  2.680000
1188  2.700000
1189  2.740000
1190  2.760000
1191  2.780000
1192  2.820000
1193  2.840000
1194  2.860000
1195  2.880000
1196  2.920000
1197  2.960000
1198  2.960000
1199  2.960000
1200  3.020000
1201  3.040000
1202  3.060000
1203  3.060000
1204  3.100000
1205  3.100000
1206  3.160000
1207  3.180000
1208  3.200000
1209  3.220000
1210  3.240000
1211  3.260000
1212  3.280000
1213  3.300000
1214  3.320000
1215  3.360000
1216  3.360000
1217  3.400000
1218  3.420000
1219  3.420000
1220  3.440000
1221  3.460000
1222  3.460000
1223  3.500000
1224  3.500000
1225  3.520000
1226  3.540000
1227  3.560000
1228  3.580000
1229  3.600000
1230  3.600000
1231  3.600000
1232  3.620000
1233  3.660000
1234  3.660000
1235  3.680000
1236  3.680000
1237  3.720000
1238  3.700000
1239  3.700000
1240  3.700000
1241  3.740000
1242  3.760000
1243  3.760000
1244  3.760000
1245  3.780000
1246  3.780000
1247  3.780000
1248  3.800000
1249  3.780000
1250  3.820000
1251  3.820000
1252  3.820000
1253  3.820000
1254  3.820000
1255  3.820000
1256  3.820000
1257  0.300000
1258  3.840000
1259  3.860000
1260  3.860000
1261  3.860000
1262  3.860000
1263  3.860000
1264  3.840000
1265  3.840000
1266  3.840000
1267  3.840000
1268  3.820000
1269  3.820000
1270  3.820000
1271  3.820000
1272  3.820000
1273  3.800000
1274  3.800000
1275  3.800000
1276  3.800000
1277  3.780000
1278  3.780000
1279  3.780000
1280  3.760000
1281  3.760000
1282  3.760000
1283  3.740000
1284  3.740000
1285  3.720000
1286  3.700000
1287  3.700000
1288  3.680000
1289  3.680000
1290  3.660000
1291  3.640000
1292  3.640000
1293  3.620000
1294  3.600000
1295  3.600000
1296  3.580000
1297  3.580000
1298  3.560000
1299  3.500000
1300  3.500000
1301  3.500000
1302  3.480000
1303  3.460000
1304  3.420000
1305  3.420000
1306  3.400000
1307  3.400000
1308  3.360000
1309  3.340000
1310  3.320000
1311  3.300000
1312  3.280000
1313  3.260000
1314  3.240000
1315  3.220000
1316  3.200000
1317  3.180000
1318  3.140000
1319  3.120000
1320  3.120000
1321  3.080000
1322  3.060000
1323  3.040000
1324  3.020000
1325  2.980000
1326  2.960000
1327  2.940000
1328  2.920000
1329  2.900000
1330  2.860000
1331  2.840000
1332  2.820000
1333  2.780000
1334  2.760000
1335  2.720000
1336  2.700000
1337  2.680000
1338  2.640000
1339  2.600000
1340  2.580000
1341  2.560000
1342  2.540000
1343  2.520000
1344  2.480000
1345  2.440000
1346  2.420000
1347  2.380000
1348  2.360000
1349  2.320000
1350  2.320000
1351  2.280000
1352  2.260000
1353  2.220000
1354  2.180000
1355  2.160000
1356  2.120000
1357  2.100000
1358  2.080000
1359  2.040000
1360  2.020000
1361  1.980000
1362  1.960000
1363  1.920000
1364  1.900000
1365  1.880000
1366  1.840000
1367  1.820000
1368  1.800000
1369  1.740000
1370  1.720000
1371  1.700000
1372  1.660000
1373  1.640000
1374  1.580000
1375  1.580000
1376  1.560000
1377  1.520000
1378  1.500000
1379  1.460000
1380  1.440000
1381  1.420000
1382  1.400000
1383  1.380000
1384  1.340000
1385  1.320000
1386  1.280000
1387  1.260000
1388  1.240000
1389  1.200000
1390  1.180000
1391  1.160000
1392  1.140000
1393  1.120000
1394  1.080000
1395  1.040000
1396  1.020000
1397  0.980000
1398  1.000000
1399  0.960000
1400  0.940000
1401  0.920000
1402  0.900000
1403  0.880000
1404  0.840000
1405  0.820000
1406  0.800000
1407  0.780000
1408  0.780000
1409  0.760000
1410  0.720000
1411  0.720000
1412  0.680000
1413  0.640000
1414  0.640000
1415  0.600000
1416  0.600000
1417  0.580000
1418  0.560000
1419  0.560000
1420  0.540000
1421  0.520000
1422  0.520000
1423  0.500000
1424  0.480000
1425  0.480000
1426  0.460000
1427  0.440000
1428  0.420000
1429  0.420000
1430  0.420000
1431  0.400000
1432  0.380000
1433  0.360000
1434  0.360000
1435  0.340000
1436  0.320000
1437  0.320000
1438  0.320000
1439  0.320000
1440  0.320000
1441  0.300000
1442  0.300000
1443  0.300000
1444  0.300000
1445  0.300000
1446  0.280000
1447  0.280000
1448  0.260000
1449  0.280000
1450  0.260000
1451  0.260000
1452  0.240000
1453  0.240000
1454  0.240000
1455  0.220000
1456  0.220000
1457  0.260000
1458  0.260000
1459  0.240000
1460  0.260000
1461  0.240000
1462  0.260000
1463  0.280000
1464  0.280000
1465  0.300000
1466  0.280000
1467  0.300000
1468  0.300000
1469  0.300000
1470  0.320000
1471  0.320000
1472  0.320000
1473  0.320000
1474  0.340000
1475  0.340000
1476  0.340000
1477  0.360000
1478  0.400000
1479  0.400000
1480  0.420000
1481  0.440000
1482  0.460000
1483  0.460000
1484  0.460000
1485  0.480000
1486  0.480000
1487  0.500000
1488  0.520000
1489  0.540000
1490  0.560000
1491  0.560000
1492  0.560000
1493  0.580000
1494  0.600000
1495  0.620000
1496  0.640000
1497  0.680000
1498  0.700000
1499  0.700000
1500  0.720000
1501  0.760000
1502  0.760000
1503  0.780000
1504  0.800000
1505  0.820000
1506  0.860000
1507  0.880000
1508  0.900000
1509  0.920000
1510  0.920000
1511  0.940000
1512  0.960000
1513  1.000000
1514  1.000000
1515  1.060000
1516  1.080000
1517  1.120000
1518  1.140000
1519  1.160000
1520  1.180000
1521  1.220000
1522  1.240000
1523  1.260000
1524  1.300000
1525  1.320000
1526  1.360000
1527  1.380000
1528  1.400000
1529  1.420000
1530  1.440000
1531  1.480000
1532  1.500000
1533  1.520000
1534  1.560000
1535  1.560000
1536  1.600000
1537  1.620000
1538  1.660000
1539  1.700000
1540  1.680000
1541  1.740000
1542  1.760000
1543  1.800000
1544  1.840000
1545  1.860000
1546  1.880000
1547  1.920000
1548  1.940000
1549  1.980000
1550  2.000000
1551  2.040000
1552  2.060000
1553  2.060000
1554  2.120000
1555  2.160000
1556  2.180000
1557  2.220000
1558  2.220000
1559  2.280000
1560  2.300000
1561  2.340000
1562  2.360000
1563  2.380000
1564  2.420000
1565  2.460000
1566  2.480000
1567  2.480000
1568  2.520000
1569  2.540000
1570  0.300000
1571  2.600000
1572  2.620000
1573  2.620000
1574  2.680000
1575  2.720000
1576  2.720000
1577  2.760000
1578  2.780000
1579  2.820000
1580  2.840000
1581  2.860000
1582  2.900000
1583  2.920000
1584  2.940000
1585  2.960000
1586  2.980000
1587  3.020000
1588  3.040000
1589  3.060000
1590  3.100000
1591  3.120000
1592  3.140000
1593  3.160000
1594  3.160000
1595  3.200000
1596  3.220000
1597  3.260000
1598  3.280000
1599  3.280000
1600  3.320000
1601  3.340000
1602  3.360000
1603  3.380000
1604  3.380000
1605  3.420000
1606  3.420000
1607  3.440000
1608  3.480000
1609  3.460000
1610  3.480000
1611  3.480000
1612  3.520000
1613  3.540000
1614  3.560000
1615  3.560000
1616  3.600000
1617  3.600000
1618  3.620000
1619  3.620000
1620  3.640000
1621  3.660000
1622  3.680000
1623  3.700000
1624  3.660000
1625  3.720000
1626  3.720000
1627  3.720000
1628  3.740000
1629  3.760000
1630  3.740000
1631  3.760000
1632  3.780000
1633  3.780000
1634  3.800000
1635  3.800000
1636  3.800000
1637  3.800000
1638  3.820000
1639  3.820000
1640  3.820000
1641  3.820000
1642  3.820000
1643  3.840000
1644  3.840000
1645  3.820000
1646  3.840000
1647  3.860000
1648  3.840000
1649  3.860000
1650  3.860000
1651  3.840000
1652  3.820000
1653  3.840000
1654  3.820000
1655  3.820000
1656  3.820000
1657  3.820000
1658  3.820000
1659  3.820000
1660  3.800000
1661  3.800000
1662  3.800000
1663  3.780000
1664  3.780000
1665  3.780000
1666  3.780000
1667  3.760000
1668  3.760000
1669  3.760000
1670  3.720000
1671  3.720000
1672  3.720000
1673  3.700000
1674  3.720000
1675  3.680000
1676  3.680000
1677  3.660000
1678  3.640000
1679  3.660000
1680  3.620000
1681  3.600000
1682  3.600000
1683  3.580000
1684  3.580000
1685  3.540000
1686  3.500000
1687  3.500000
1688  3.480000
1689  3.480000
1690  3.460000
1691  3.440000
1692  3.420000
1693  3.400000
1694  3.380000
1695  3.360000
1696  3.340000
1697  3.320000
1698  3.300000
1699  3.280000
1700  3.260000
1701  3.240000
1702  3.220000
1703  3.180000
1704  3.180000
1705  3.140000
1706  3.080000
1707  3.100000
1708  3.080000
1709  3.040000
1710  3.020000
1711  3.000000
1712  2.980000
1713  2.960000
1714  2.940000
1715  2.920000
1716  2.880000
1717  2.860000
1718  2.840000
1719  2.800000
1720  2.800000
1721  2.740000
1722  2.740000
1723  2.700000
1724  2.660000
1725  2.640000
1726  2.580000
1727  2.580000
1728  2.540000
1729  2.500000
1730  2.500000
1731  2.480000
1732  2.440000
1733  2.420000
1734  2.380000
1735  2.360000
1736  2.320000
1737  2.300000
1738  2.280000
1739  2.240000
1740  2.220000
1741  2.200000
1742  2.160000
1743  2.140000
1744  2.100000
1745  2.040000
1746  2.040000
1747  2.000000
1748  1.980000
1749  1.940000
1750  1.920000
1751  1.900000
1752  1.860000
1753  1.840000
1754  1.820000
1755  1.800000
1756  1.760000
1757  1.740000
1758  1.680000
1759  1.660000
1760  1.640000
1761  1.620000
1762  1.580000
1763  1.560000
1764  1.520000
1765  1.480000
1766  1.480000
1767  1.440000
1768  1.420000
1769  1.380000
1770  1.360000
1771  1.340000
1772  1.300000
1773  1.260000
1774  1.260000
1775  1.220000
1776  1.200000
1777  1.160000
1778  1.160000
1779  1.140000
1780  1.080000
1781  1.080000
1782  1.040000
1783  1.020000
1784  1.000000
1785  0.960000
1786  0.940000
1787  0.920000
1788  0.900000
1789  0.900000
1790  0.860000
1791  0.860000
1792  0.820000
1793  0.800000
1794  0.780000
1795  0.760000
1796  0.740000
1797  0.740000
1798  0.700000
1799  0.680000
1800  0.660000
1801  0.660000
1802  0.620000
1803  0.560000
1804  0.580000
1805  0.540000
1806  0.540000
1807  0.540000
1808  0.520000
1809  0.500000
1810  0.480000
1811  0.480000
1812  0.480000
1813  0.440000
1814  0.440000
1815  0.420000
1816  0.400000
1817  0.400000
1818  0.380000
1819  0.380000
1820  0.360000
1821  0.360000
1822  0.360000
1823  0.340000
1824  0.300000
1825  0.300000
1826  0.280000
1827  0.300000
1828  0.280000
1829  0.300000
1830  0.300000
1831  0.280000
1832  0.300000
1833  0.280000
1834  0.280000
1835  0.260000
1836  0.260000
1837  0.260000
1838  0.260000
1839  0.260000
1840  0.260000
1841  0.240000
1842  0.220000
1843  0.220000
1844  0.240000
1845  0.240000
1846  0.240000
1847  0.240000
1848  0.260000
1849  0.280000
1850  0.280000
1851  0.280000
1852  0.280000
1853  0.300000
1854  0.300000
1855  0.300000
1856  0.300000
1857  0.320000
1858  0.320000
1859  0.320000
1860  0.340000
1861  0.340000
1862  0.340000
1863  0.360000
1864  0.380000
1865  0.380000
1866  0.400000
1867  0.420000
1868  0.440000
1869  0.440000
1870  0.460000
1871  0.460000
1872  0.480000
1873  0.500000
1874  0.520000
1875  0.540000
1876  0.540000
1877  0.540000
1878  0.560000
1879  0.580000
1880  0.600000
1881  0.600000
1882  0.620000
1883  0.620000
1884  0.660000
1885  0.680000
1886  0.700000
1887  0.720000
1888  0.760000
1889  0.760000
1890  0.780000
1891  0.820000
1892  0.820000
1893  0.840000
1894  0.860000
1895  0.900000
1896  0.920000
1897  0.940000
1898  0.960000
1899  0.980000
1900  1.000000
1901  1.040000
1902  1.040000
1903  1.080000
1904  1.120000
1905  1.120000
1906  1.160000
1907  1.200000
1908  1.220000
1909  1.240000
1910  1.260000
1911  1.300000
1912  1.320000
1913  1.340000
1914  1.380000
1915  1.400000
1916  1.440000
1917  1.460000
1918  1.480000
1919  1.520000
1920  1.520000
1921  1.560000
1922  1.580000
1923  1.600000
1924  1.620000
1925  1.680000
1926  1.700000
1927  1.720000
1928  1.740000
1929  1.780000
1930  1.820000
1931  1.840000
1932  1.880000
1933  1.900000
1934  1.940000
1935  1.960000
1936  2.000000
1937  2.000000
1938  2.040000
1939  2.080000
1940  2.100000
1941  2.120000
1942  2.160000
1943  2.180000
1944  2.220000
1945  2.240000
1946  2.280000
1947  2.320000
1948  2.340000
1949  2.360000
1950  2.400000
1951  2.420000
1952  2.460000
1953  2.460000
1954  2.500000
1955  2.520000
1956  2.540000
1957  2.580000
1958  2.600000
1959  2.640000
1960  2.660000
1961  2.680000
1962  2.720000
1963  2.740000
1964  2.760000
1965  2.800000
1966  2.800000
1967  2.840000
1968  2.860000
1969  2.900000
1970  2.920000
1971  2.940000
1972  2.980000
1973  3.000000
1974  3.020000
1975  3.040000
1976  3.060000
1977  3.080000
1978  3.120000
1979  3.120000
1980  3.160000
1981  3.180000
1982  3.200000
1983  3.220000
1984  3.240000
1985  3.280000
1986  3.300000
1987  3.300000
1988  3.340000
1989  3.340000
1990  3.380000
1991  3.400000
1992  3.420000
1993  3.440000
1994  3.440000
1995  3.480000
1996  3.480000
1997  3.500000
1998  3.500000
1999  3.540000
2000  3.560000
2001  3.560000
2002  3.540000
2003  3.600000
2004  3.600000
2005  3.620000
2006  3.640000
2007  3.640000
2008  3.660000
2009  3.660000
2010  3.680000
2011  3.700000
2012  3.700000
2013  3.720000
2014  3.720000
2015  3.740000
2016  3.740000
2017  3.760000
2018  3.780000
2019  3.780000
2020  3.780000
2021  3.800000
2022  3.800000
2023  3.800000
2024  3.820000
2025  3.820000
2026  3.820000
2027  3.820000
2028  3.820000
2029  3.840000
2030  3.840000
2031  3.860000
2032  3.840000
2033  3.840000
2034  3.860000
2035  3.860000
2036  3.860000
2037  3.860000
2038  3.860000
2039  3.860000
2040  3.840000
2041  3.860000
2042  3.820000
2043  3.820000
2044  3.820000
2045  3.820000
2046  3.820000
2047  3.820000
2048  0.000000
