Nama File =sin500H_2k.dat
Time Samplig =0.0005
1  2.900000
2  2.080000
3  0.300000
4  3.480000
5  0.880000
6  0.740000
7  3.320000
8  3.260000
9  0.680000
10  0.980000
11  3.500000
12  3.020000
13  0.500000
14  1.260000
15  3.660000
16  2.720000
17  0.360000
18  1.540000
19  3.780000
20  2.420000
21  0.260000
22  1.840000
23  3.840000
24  2.120000
25  0.240000
26  2.160000
27  3.840000
28  1.800000
29  0.300000
30  2.480000
31  3.780000
32  1.520000
33  0.380000
34  2.760000
35  3.680000
36  1.220000
37  0.500000
38  3.040000
39  3.500000
40  0.960000
41  0.700000
42  3.300000
43  3.300000
44  0.700000
45  0.940000
46  3.480000
47  3.060000
48  0.520000
49  1.200000
50  3.640000
51  2.780000
52  0.400000
53  1.480000
54  3.760000
55  2.500000
56  0.280000
57  1.780000
58  3.820000
59  2.180000
60  0.260000
61  2.100000
62  3.860000
63  1.860000
64  0.280000
65  2.420000
66  3.800000
67  1.560000
68  0.360000
69  2.700000
70  3.700000
71  1.280000
72  0.500000
73  3.000000
74  3.540000
75  1.020000
76  0.680000
77  3.240000
78  3.360000
79  0.740000
80  0.880000
81  3.460000
82  3.120000
83  0.560000
84  1.140000
85  3.620000
86  2.840000
87  0.420000
88  1.440000
89  3.740000
90  2.540000
91  0.300000
92  1.720000
93  3.820000
94  2.240000
95  0.260000
96  2.040000
97  3.840000
98  1.940000
99  0.260000
100  2.340000
101  3.800000
102  1.580000
103  0.320000
104  2.640000
105  3.720000
106  1.340000
107  0.460000
108  2.940000
109  3.560000
110  1.060000
111  0.620000
112  3.180000
113  3.400000
114  0.800000
115  0.840000
116  3.420000
117  3.160000
118  0.600000
119  1.080000
120  3.580000
121  2.900000
122  0.420000
123  1.360000
124  3.740000
125  2.600000
126  0.320000
127  1.660000
128  3.800000
129  2.320000
130  0.260000
131  2.000000
132  3.840000
133  2.000000
134  0.260000
135  2.280000
136  3.820000
137  1.660000
138  0.300000
139  2.600000
140  3.740000
141  1.380000
142  0.420000
143  2.880000
144  3.600000
145  1.100000
146  0.600000
147  3.160000
148  3.420000
149  0.860000
150  0.800000
151  3.380000
152  3.220000
153  0.620000
154  1.060000
155  3.560000
156  2.960000
157  0.460000
158  1.320000
159  3.700000
160  2.660000
161  0.320000
162  1.620000
163  3.780000
164  2.360000
165  0.280000
166  1.900000
167  3.840000
168  2.040000
169  0.240000
170  2.220000
171  3.820000
172  1.720000
173  0.300000
174  2.540000
175  3.760000
176  1.440000
177  0.400000
178  2.800000
179  3.620000
180  1.140000
181  0.540000
182  3.100000
183  3.460000
184  0.900000
185  0.760000
186  3.320000
187  3.260000
188  0.680000
189  1.000000
190  3.540000
191  2.980000
192  0.500000
193  1.260000
194  3.680000
195  2.720000
196  0.360000
197  1.560000
198  3.780000
199  2.420000
200  0.280000
201  1.840000
202  3.840000
203  2.100000
204  0.240000
205  2.180000
206  3.820000
207  1.800000
208  0.300000
209  2.480000
210  3.780000
211  1.480000
212  0.380000
213  2.780000
214  3.660000
215  1.200000
216  0.520000
217  3.040000
218  3.500000
219  0.920000
220  0.720000
221  3.280000
222  3.300000
223  0.720000
224  0.940000
225  3.500000
226  3.060000
227  0.520000
228  1.220000
229  3.660000
230  2.780000
231  0.400000
232  1.500000
233  3.780000
234  2.480000
235  0.280000
236  1.800000
237  3.820000
238  2.160000
239  0.240000
240  2.120000
241  3.860000
242  1.860000
243  0.280000
244  2.420000
245  3.780000
246  1.540000
247  0.360000
248  2.720000
249  3.680000
250  1.260000
251  0.500000
252  3.000000
253  3.520000
254  0.980000
255  0.660000
256  3.260000
257  3.340000
258  0.740000
259  0.900000
260  3.460000
261  3.100000
262  0.560000
263  1.160000
264  3.640000
265  2.840000
266  0.420000
267  1.460000
268  3.760000
269  2.540000
270  0.300000
271  1.740000
272  3.820000
273  2.240000
274  0.260000
275  2.060000
276  3.860000
277  1.900000
278  0.260000
279  2.340000
280  3.800000
281  1.600000
282  0.340000
283  2.660000
284  3.720000
285  1.300000
286  0.460000
287  2.940000
288  3.560000
289  1.040000
290  0.640000
291  3.180000
292  3.380000
293  0.780000
294  0.800000
295  3.420000
296  3.140000
297  0.580000
298  1.100000
299  3.600000
300  2.880000
301  0.420000
302  1.400000
303  3.720000
304  2.600000
305  0.320000
306  1.700000
307  3.820000
308  2.300000
309  0.280000
310  2.000000
311  3.860000
312  1.980000
313  0.260000
314  2.300000
315  3.820000
316  1.660000
317  0.340000
318  2.580000
319  3.720000
320  1.380000
321  0.440000
322  2.880000
323  3.580000
324  1.080000
325  0.600000
326  3.140000
327  3.420000
328  0.820000
329  0.800000
330  3.380000
331  3.180000
332  0.600000
333  1.060000
334  3.580000
335  2.940000
336  0.440000
337  1.320000
338  3.720000
339  2.660000
340  0.360000
341  1.640000
342  3.800000
343  2.360000
344  0.280000
345  1.940000
346  3.860000
347  2.040000
348  0.260000
349  2.260000
350  3.820000
351  1.720000
352  0.300000
353  2.540000
354  3.760000
355  1.420000
356  0.420000
357  2.840000
358  3.640000
359  1.140000
360  0.560000
361  3.100000
362  3.440000
363  0.880000
364  0.760000
365  3.340000
366  3.240000
367  0.660000
368  0.980000
369  3.520000
370  2.980000
371  0.480000
372  1.260000
373  3.700000
374  2.720000
375  0.340000
376  1.560000
377  3.800000
378  2.420000
379  0.280000
380  1.860000
381  3.840000
382  2.100000
383  0.260000
384  2.180000
385  3.820000
386  1.800000
387  0.300000
388  2.500000
389  3.780000
390  1.480000
391  0.380000
392  2.780000
393  3.660000
394  1.180000
395  0.520000
396  3.060000
397  3.500000
398  0.920000
399  0.720000
400  3.280000
401  3.280000
402  0.700000
403  0.940000
404  3.500000
405  3.040000
406  0.520000
407  1.220000
408  3.660000
409  2.760000
410  0.360000
411  1.500000
412  3.760000
413  2.440000
414  0.280000
415  1.800000
416  3.840000
417  2.180000
418  0.240000
419  2.120000
420  3.840000
421  1.840000
422  0.300000
423  2.440000
424  3.800000
425  1.540000
426  0.380000
427  2.740000
428  3.680000
429  1.240000
430  0.500000
431  2.980000
432  3.520000
433  0.960000
434  0.680000
435  3.260000
436  3.320000
437  0.760000
438  0.900000
439  3.460000
440  3.100000
441  0.540000
442  1.160000
443  3.600000
444  2.820000
445  0.400000
446  1.440000
447  3.760000
448  2.520000
449  0.280000
450  1.740000
451  3.820000
452  2.200000
453  0.240000
454  2.060000
455  3.860000
456  1.900000
457  0.300000
458  2.380000
459  3.800000
460  1.600000
461  0.340000
462  2.680000
463  3.720000
464  1.300000
465  0.480000
466  2.960000
467  3.560000
468  1.020000
469  0.620000
470  3.220000
471  3.360000
472  0.780000
473  0.860000
474  3.420000
475  3.140000
476  0.580000
477  1.120000
478  3.600000
479  2.860000
480  0.440000
481  1.400000
482  3.740000
483  2.580000
484  0.300000
485  1.700000
486  3.820000
487  2.280000
488  0.240000
489  1.980000
490  3.880000
491  1.960000
492  0.240000
493  2.320000
494  3.800000
495  1.660000
496  0.340000
497  2.620000
498  3.740000
499  1.360000
500  0.460000
501  2.920000
502  3.580000
503  1.100000
504  0.600000
505  3.160000
506  3.420000
507  0.820000
508  0.820000
509  3.400000
510  3.180000
511  0.600000
512  1.060000
513  3.580000
514  2.940000
515  0.440000
516  1.340000
517  3.700000
518  2.640000
519  0.320000
520  1.620000
521  3.780000
522  2.340000
523  0.280000
524  1.960000
525  3.860000
526  2.020000
527  0.240000
528  2.240000
529  3.840000
530  1.700000
531  0.280000
532  2.560000
533  3.760000
534  1.440000
535  0.420000
536  2.840000
537  3.620000
538  1.140000
539  0.580000
540  3.120000
541  3.460000
542  0.880000
543  0.760000
544  3.360000
545  3.240000
546  0.660000
547  1.000000
548  3.540000
549  2.980000
550  0.440000
551  1.260000
552  3.680000
553  2.700000
554  0.360000
555  1.580000
556  3.780000
557  2.400000
558  0.280000
559  1.880000
560  3.820000
561  2.080000
562  0.260000
563  2.180000
564  3.820000
565  1.760000
566  0.280000
567  2.500000
568  3.780000
569  1.460000
570  0.380000
571  2.780000
572  3.660000
573  1.180000
574  0.540000
575  3.080000
576  3.480000
577  0.940000
578  0.740000
579  3.320000
580  3.300000
581  0.700000
582  0.980000
583  3.500000
584  3.040000
585  0.500000
586  1.220000
587  3.640000
588  2.740000
589  0.360000
590  1.540000
591  3.780000
592  2.460000
593  0.300000
594  1.820000
595  3.820000
596  2.140000
597  0.240000
598  2.120000
599  3.820000
600  1.840000
601  0.280000
602  2.440000
603  3.780000
604  1.520000
605  0.360000
606  2.740000
607  3.680000
608  1.240000
609  0.460000
610  3.020000
611  3.520000
612  0.980000
613  0.700000
614  3.260000
615  3.340000
616  0.740000
617  0.920000
618  3.460000
619  3.080000
620  0.560000
621  1.180000
622  3.640000
623  2.780000
624  0.380000
625  1.460000
626  3.760000
627  2.500000
628  0.280000
629  1.760000
630  3.820000
631  2.220000
632  0.240000
633  2.060000
634  3.860000
635  1.880000
636  0.280000
637  2.380000
638  3.800000
639  1.580000
640  0.360000
641  2.680000
642  3.700000
643  1.280000
644  0.460000
645  2.960000
646  3.580000
647  1.000000
648  0.620000
649  3.220000
650  3.380000
651  0.780000
652  0.840000
653  3.440000
654  3.140000
655  0.580000
656  1.140000
657  3.600000
658  2.860000
659  0.420000
660  1.400000
661  3.740000
662  2.580000
663  0.300000
664  1.680000
665  3.820000
666  2.260000
667  0.240000
668  2.000000
669  3.860000
670  1.960000
671  0.280000
672  2.320000
673  3.820000
674  1.660000
675  0.340000
676  2.620000
677  3.720000
678  1.340000
679  0.440000
680  2.900000
681  3.580000
682  1.080000
683  0.580000
684  3.180000
685  3.400000
686  0.800000
687  0.820000
688  3.380000
689  3.180000
690  0.620000
691  1.080000
692  3.580000
693  2.900000
694  0.480000
695  1.360000
696  3.720000
697  2.640000
698  0.340000
699  1.660000
700  3.800000
701  2.320000
702  0.260000
703  1.940000
704  3.840000
705  2.020000
706  0.240000
707  2.260000
708  3.820000
709  1.700000
710  0.320000
711  2.540000
712  3.740000
713  1.400000
714  0.420000
715  2.860000
716  3.600000
717  1.120000
718  0.580000
719  3.100000
720  3.440000
721  0.860000
722  0.780000
723  3.360000
724  3.220000
725  0.620000
726  1.020000
727  3.540000
728  2.980000
729  0.480000
730  1.300000
731  3.680000
732  2.700000
733  0.360000
734  1.580000
735  3.800000
736  2.400000
737  0.280000
738  1.900000
739  3.840000
740  2.080000
741  0.240000
742  2.200000
743  3.820000
744  1.760000
745  0.280000
746  2.520000
747  3.760000
748  1.460000
749  0.400000
750  2.780000
751  3.640000
752  1.160000
753  0.540000
754  3.060000
755  3.480000
756  0.920000
757  0.740000
758  3.320000
759  3.280000
760  0.680000
761  0.940000
762  3.500000
763  3.020000
764  0.460000
765  1.220000
766  3.680000
767  2.740000
768  0.380000
769  1.540000
770  3.780000
771  2.460000
772  0.300000
773  1.840000
774  3.840000
775  2.140000
776  0.260000
777  2.160000
778  3.840000
779  1.820000
780  0.280000
781  2.460000
782  3.780000
783  1.520000
784  0.360000
785  2.740000
786  3.660000
787  1.220000
788  0.520000
789  3.020000
790  3.500000
791  0.980000
792  0.700000
793  3.260000
794  3.320000
795  0.720000
796  0.920000
797  3.480000
798  3.080000
799  0.540000
800  1.160000
801  3.640000
802  2.800000
803  0.360000
804  1.480000
805  3.760000
806  2.520000
807  0.300000
808  1.780000
809  3.820000
810  2.200000
811  0.260000
812  2.080000
813  3.860000
814  1.900000
815  0.280000
816  2.400000
817  3.800000
818  1.560000
819  0.340000
820  2.700000
821  3.700000
822  1.260000
823  0.480000
824  2.980000
825  3.560000
826  1.020000
827  0.660000
828  3.200000
829  3.340000
830  0.780000
831  0.860000
832  3.440000
833  3.120000
834  0.580000
835  1.140000
836  3.600000
837  2.860000
838  0.400000
839  1.400000
840  3.760000
841  2.540000
842  0.300000
843  1.720000
844  3.800000
845  2.280000
846  0.260000
847  2.020000
848  3.860000
849  1.960000
850  0.280000
851  2.340000
852  3.820000
853  1.660000
854  0.340000
855  2.640000
856  3.740000
857  1.360000
858  0.440000
859  2.900000
860  3.600000
861  1.040000
862  0.600000
863  3.160000
864  3.400000
865  0.820000
866  0.820000
867  3.380000
868  3.160000
869  0.580000
870  1.080000
871  3.580000
872  2.920000
873  0.440000
874  1.360000
875  3.700000
876  2.620000
877  0.320000
878  1.640000
879  3.800000
880  2.320000
881  0.260000
882  1.960000
883  3.860000
884  2.020000
885  0.260000
886  2.280000
887  3.820000
888  1.720000
889  0.320000
890  2.580000
891  3.760000
892  1.420000
893  0.440000
894  2.860000
895  3.620000
896  1.100000
897  0.560000
898  3.140000
899  3.440000
900  0.820000
901  0.780000
902  3.320000
903  3.200000
904  0.640000
905  1.020000
906  3.540000
907  2.960000
908  0.460000
909  1.280000
910  3.680000
911  2.680000
912  0.340000
913  1.580000
914  3.800000
915  2.380000
916  0.220000
917  1.880000
918  3.840000
919  2.080000
920  0.240000
921  2.220000
922  3.840000
923  1.760000
924  0.320000
925  2.520000
926  3.760000
927  1.460000
928  0.400000
929  2.800000
930  3.640000
931  1.180000
932  0.560000
933  3.080000
934  3.480000
935  0.880000
936  0.740000
937  3.320000
938  3.260000
939  0.680000
940  0.980000
941  3.500000
942  3.020000
943  0.500000
944  1.240000
945  3.660000
946  2.740000
947  0.380000
948  1.520000
949  3.780000
950  2.420000
951  0.280000
952  1.820000
953  3.820000
954  2.120000
955  0.220000
956  2.140000
957  3.840000
958  1.820000
959  0.260000
960  2.460000
961  3.780000
962  1.540000
963  0.380000
964  2.760000
965  3.700000
966  1.240000
967  0.520000
968  3.020000
969  3.520000
970  0.980000
971  0.700000
972  3.280000
973  3.320000
974  0.720000
975  0.920000
976  3.460000
977  3.080000
978  0.520000
979  1.200000
980  3.640000
981  2.800000
982  0.400000
983  1.480000
984  3.760000
985  2.500000
986  0.280000
987  1.780000
988  3.820000
989  2.200000
990  0.260000
991  2.080000
992  3.820000
993  1.860000
994  0.220000
995  2.380000
996  3.800000
997  1.560000
998  0.360000
999  2.680000
1000  3.700000
1001  1.300000
1002  0.500000
1003  2.980000
1004  3.560000
1005  1.020000
1006  0.660000
1007  3.220000
1008  3.360000
1009  0.780000
1010  0.880000
1011  3.460000
1012  3.120000
1013  0.560000
1014  1.140000
1015  3.600000
1016  2.860000
1017  0.400000
1018  1.400000
1019  3.720000
1020  2.560000
1021  0.320000
1022  1.700000
1023  3.820000
1024  2.260000
1025  0.240000
1026  2.020000
1027  3.840000
1028  1.940000
1029  0.260000
1030  2.320000
1031  3.800000
1032  1.620000
1033  0.340000
1034  2.640000
1035  3.720000
1036  1.340000
1037  0.440000
1038  2.920000
1039  3.580000
1040  1.060000
1041  0.620000
1042  3.160000
1043  3.400000
1044  0.840000
1045  0.840000
1046  3.400000
1047  3.180000
1048  0.600000
1049  1.080000
1050  3.560000
1051  2.920000
1052  0.440000
1053  1.340000
1054  3.740000
1055  2.640000
1056  0.320000
1057  1.640000
1058  3.800000
1059  2.320000
1060  0.260000
1061  1.960000
1062  3.840000
1063  2.020000
1064  0.280000
1065  2.260000
1066  3.820000
1067  1.700000
1068  0.320000
1069  2.580000
1070  3.740000
1071  1.400000
1072  0.400000
1073  2.860000
1074  3.620000
1075  1.120000
1076  0.580000
1077  3.120000
1078  3.440000
1079  0.880000
1080  0.780000
1081  3.360000
1082  3.240000
1083  0.640000
1084  1.040000
1085  3.540000
1086  2.980000
1087  0.480000
1088  1.300000
1089  3.700000
1090  2.680000
1091  0.340000
1092  1.580000
1093  3.800000
1094  2.380000
1095  0.260000
1096  1.880000
1097  3.840000
1098  2.080000
1099  0.260000
1100  2.200000
1101  3.820000
1102  1.760000
1103  0.300000
1104  2.500000
1105  3.760000
1106  1.480000
1107  0.400000
1108  2.800000
1109  3.640000
1110  1.160000
1111  0.520000
1112  3.060000
1113  3.480000
1114  0.900000
1115  0.740000
1116  3.300000
1117  3.280000
1118  0.700000
1119  0.960000
1120  3.500000
1121  3.040000
1122  0.520000
1123  1.260000
1124  3.680000
1125  2.760000
1126  0.340000
1127  1.520000
1128  3.780000
1129  2.440000
1130  0.280000
1131  1.820000
1132  3.840000
1133  2.160000
1134  0.240000
1135  2.140000
1136  3.840000
1137  1.840000
1138  0.300000
1139  2.440000
1140  3.780000
1141  1.520000
1142  0.360000
1143  2.740000
1144  3.660000
1145  1.240000
1146  0.520000
1147  3.020000
1148  3.500000
1149  0.940000
1150  0.680000
1151  3.220000
1152  3.320000
1153  0.720000
1154  0.900000
1155  3.480000
1156  3.080000
1157  0.540000
1158  1.200000
1159  3.640000
1160  2.820000
1161  0.400000
1162  1.480000
1163  3.760000
1164  2.520000
1165  0.300000
1166  1.760000
1167  3.820000
1168  2.200000
1169  0.240000
1170  2.060000
1171  3.840000
1172  1.900000
1173  0.280000
1174  2.380000
1175  3.780000
1176  1.580000
1177  0.340000
1178  2.680000
1179  3.700000
1180  1.280000
1181  0.480000
1182  2.960000
1183  3.560000
1184  1.020000
1185  0.660000
1186  3.220000
1187  3.380000
1188  0.760000
1189  0.880000
1190  3.440000
1191  3.140000
1192  0.560000
1193  1.140000
1194  3.620000
1195  2.860000
1196  0.420000
1197  1.420000
1198  3.740000
1199  2.580000
1200  0.320000
1201  1.700000
1202  3.820000
1203  2.260000
1204  0.260000
1205  2.020000
1206  3.880000
1207  1.940000
1208  0.260000
1209  2.320000
1210  3.820000
1211  1.640000
1212  0.340000
1213  2.620000
1214  3.720000
1215  1.340000
1216  0.440000
1217  2.920000
1218  3.580000
1219  1.080000
1220  0.620000
1221  3.160000
1222  3.420000
1223  0.820000
1224  0.840000
1225  3.380000
1226  3.160000
1227  0.580000
1228  1.060000
1229  3.580000
1230  2.920000
1231  0.440000
1232  1.360000
1233  3.720000
1234  2.640000
1235  0.340000
1236  1.620000
1237  3.820000
1238  2.340000
1239  0.280000
1240  1.960000
1241  3.840000
1242  2.020000
1243  0.280000
1244  2.280000
1245  3.820000
1246  1.700000
1247  0.300000
1248  2.580000
1249  3.740000
1250  1.400000
1251  0.420000
1252  2.840000
1253  3.620000
1254  1.100000
1255  0.580000
1256  3.120000
1257  3.440000
1258  0.860000
1259  0.780000
1260  3.360000
1261  3.220000
1262  0.640000
1263  1.040000
1264  3.540000
1265  2.940000
1266  0.460000
1267  1.280000
1268  3.700000
1269  2.680000
1270  0.340000
1271  1.560000
1272  3.800000
1273  2.400000
1274  0.280000
1275  1.880000
1276  3.840000
1277  2.100000
1278  0.260000
1279  2.200000
1280  3.840000
1281  1.780000
1282  0.300000
1283  2.520000
1284  3.760000
1285  1.460000
1286  0.380000
1287  2.800000
1288  3.620000
1289  1.160000
1290  0.540000
1291  3.080000
1292  3.480000
1293  0.920000
1294  0.720000
1295  3.300000
1296  3.280000
1297  0.660000
1298  0.980000
1299  3.500000
1300  3.020000
1301  0.500000
1302  1.240000
1303  3.680000
1304  2.740000
1305  0.340000
1306  1.520000
1307  3.780000
1308  2.440000
1309  0.280000
1310  1.820000
1311  3.840000
1312  2.140000
1313  0.260000
1314  2.160000
1315  3.840000
1316  1.840000
1317  0.300000
1318  2.440000
1319  3.780000
1320  1.520000
1321  0.380000
1322  2.740000
1323  3.680000
1324  1.220000
1325  0.500000
1326  3.020000
1327  3.520000
1328  0.960000
1329  0.700000
1330  3.240000
1331  3.320000
1332  0.740000
1333  0.920000
1334  3.480000
1335  3.080000
1336  0.540000
1337  1.180000
1338  3.640000
1339  2.800000
1340  0.400000
1341  1.460000
1342  3.760000
1343  2.500000
1344  0.300000
1345  1.760000
1346  3.820000
1347  2.220000
1348  0.240000
1349  2.080000
1350  3.840000
1351  1.880000
1352  0.280000
1353  2.400000
1354  3.800000
1355  1.580000
1356  0.360000
1357  2.700000
1358  3.720000
1359  1.280000
1360  0.480000
1361  2.960000
1362  3.560000
1363  1.000000
1364  0.660000
1365  3.220000
1366  3.340000
1367  0.780000
1368  0.880000
1369  3.440000
1370  3.120000
1371  0.560000
1372  1.140000
1373  3.600000
1374  2.860000
1375  0.420000
1376  1.380000
1377  3.740000
1378  2.560000
1379  0.300000
1380  1.720000
1381  3.820000
1382  2.240000
1383  0.240000
1384  1.980000
1385  3.860000
1386  1.940000
1387  0.280000
1388  2.340000
1389  3.800000
1390  1.640000
1391  0.320000
1392  2.620000
1393  3.740000
1394  1.340000
1395  0.460000
1396  2.920000
1397  3.600000
1398  1.060000
1399  0.620000
1400  3.180000
1401  3.400000
1402  0.800000
1403  0.820000
1404  3.420000
1405  3.180000
1406  0.600000
1407  1.080000
1408  3.580000
1409  2.900000
1410  0.440000
1411  1.360000
1412  3.720000
1413  2.640000
1414  0.340000
1415  1.640000
1416  3.800000
1417  2.320000
1418  0.280000
1419  1.940000
1420  3.820000
1421  2.020000
1422  0.240000
1423  2.260000
1424  3.820000
1425  1.680000
1426  0.320000
1427  2.580000
1428  3.760000
1429  1.420000
1430  0.440000
1431  2.860000
1432  3.620000
1433  1.140000
1434  0.580000
1435  3.120000
1436  3.440000
1437  0.860000
1438  0.800000
1439  3.360000
1440  3.200000
1441  0.620000
1442  1.020000
1443  3.540000
1444  2.980000
1445  0.460000
1446  1.300000
1447  3.700000
1448  2.680000
1449  0.320000
1450  1.580000
1451  3.780000
1452  2.380000
1453  0.280000
1454  1.900000
1455  3.840000
1456  2.080000
1457  0.260000
1458  2.220000
1459  3.820000
1460  1.740000
1461  0.280000
1462  2.520000
1463  3.760000
1464  1.460000
1465  0.400000
1466  2.820000
1467  3.620000
1468  1.180000
1469  0.560000
1470  3.080000
1471  3.480000
1472  0.920000
1473  0.740000
1474  3.320000
1475  3.280000
1476  0.680000
1477  1.000000
1478  3.500000
1479  3.020000
1480  0.500000
1481  1.240000
1482  3.640000
1483  2.740000
1484  0.360000
1485  1.520000
1486  3.780000
1487  2.440000
1488  0.280000
1489  1.840000
1490  3.860000
1491  2.140000
1492  0.240000
1493  2.140000
1494  3.820000
1495  1.840000
1496  0.280000
1497  2.460000
1498  3.800000
1499  1.520000
1500  0.380000
1501  2.740000
1502  3.680000
1503  1.220000
1504  0.520000
1505  3.020000
1506  3.500000
1507  0.960000
1508  0.700000
1509  3.260000
1510  3.320000
1511  0.720000
1512  0.920000
1513  3.480000
1514  3.060000
1515  0.540000
1516  1.180000
1517  3.640000
1518  2.800000
1519  0.380000
1520  1.480000
1521  3.760000
1522  2.500000
1523  0.280000
1524  1.760000
1525  3.820000
1526  2.200000
1527  0.240000
1528  2.100000
1529  3.840000
1530  1.880000
1531  0.280000
1532  2.400000
1533  3.780000
1534  1.580000
1535  0.340000
1536  2.680000
1537  3.680000
1538  1.280000
1539  0.460000
1540  2.940000
1541  3.540000
1542  1.020000
1543  0.660000
1544  3.220000
1545  3.360000
1546  0.780000
1547  0.880000
1548  3.460000
1549  3.140000
1550  0.580000
1551  1.140000
1552  3.620000
1553  2.860000
1554  0.440000
1555  1.420000
1556  3.760000
1557  2.560000
1558  0.300000
1559  1.700000
1560  3.820000
1561  2.260000
1562  0.260000
1563  2.040000
1564  3.860000
1565  1.940000
1566  0.260000
1567  2.320000
1568  3.780000
1569  1.640000
1570  0.340000
1571  2.640000
1572  3.720000
1573  1.340000
1574  0.420000
1575  2.900000
1576  3.580000
1577  1.060000
1578  0.600000
1579  3.180000
1580  3.400000
1581  0.820000
1582  0.840000
1583  3.400000
1584  3.180000
1585  0.600000
1586  1.080000
1587  3.580000
1588  2.920000
1589  0.460000
1590  1.360000
1591  3.720000
1592  2.640000
1593  0.320000
1594  1.660000
1595  3.800000
1596  2.300000
1597  0.260000
1598  1.940000
1599  3.860000
1600  2.000000
1601  0.260000
1602  2.280000
1603  3.800000
1604  1.700000
1605  0.320000
1606  2.560000
1607  3.720000
1608  1.400000
1609  0.420000
1610  2.860000
1611  3.600000
1612  1.120000
1613  0.580000
1614  3.120000
1615  3.440000
1616  0.840000
1617  0.760000
1618  3.340000
1619  3.220000
1620  0.640000
1621  1.040000
1622  3.560000
1623  2.960000
1624  0.480000
1625  1.300000
1626  3.700000
1627  2.680000
1628  0.360000
1629  1.580000
1630  3.800000
1631  2.400000
1632  0.260000
1633  1.880000
1634  3.840000
1635  2.080000
1636  0.240000
1637  2.220000
1638  3.840000
1639  1.740000
1640  0.280000
1641  2.500000
1642  3.760000
1643  1.460000
1644  0.400000
1645  2.820000
1646  3.640000
1647  1.160000
1648  0.540000
1649  3.060000
1650  3.480000
1651  0.900000
1652  0.740000
1653  3.320000
1654  3.260000
1655  0.680000
1656  0.960000
1657  3.500000
1658  3.020000
1659  0.500000
1660  1.240000
1661  3.660000
1662  2.740000
1663  0.380000
1664  1.520000
1665  3.780000
1666  2.460000
1667  0.280000
1668  1.840000
1669  3.840000
1670  2.140000
1671  0.240000
1672  2.140000
1673  3.840000
1674  1.820000
1675  0.280000
1676  2.460000
1677  3.780000
1678  1.540000
1679  0.380000
1680  2.740000
1681  3.660000
1682  1.220000
1683  0.520000
1684  3.020000
1685  3.500000
1686  0.960000
1687  0.700000
1688  3.280000
1689  3.320000
1690  0.720000
1691  0.920000
1692  3.480000
1693  3.060000
1694  0.520000
1695  1.160000
1696  3.660000
1697  2.800000
1698  0.420000
1699  1.480000
1700  3.760000
1701  2.520000
1702  0.300000
1703  1.780000
1704  3.820000
1705  2.200000
1706  0.260000
1707  2.100000
1708  3.840000
1709  1.900000
1710  0.280000
1711  2.400000
1712  3.800000
1713  1.560000
1714  0.360000
1715  2.660000
1716  3.700000
1717  1.280000
1718  0.480000
1719  2.960000
1720  3.540000
1721  1.020000
1722  0.640000
1723  3.220000
1724  3.360000
1725  0.760000
1726  0.880000
1727  3.440000
1728  3.120000
1729  0.580000
1730  1.120000
1731  3.620000
1732  2.840000
1733  0.400000
1734  1.400000
1735  3.740000
1736  2.560000
1737  0.320000
1738  1.700000
1739  3.820000
1740  2.260000
1741  0.260000
1742  2.020000
1743  3.860000
1744  1.960000
1745  0.280000
1746  2.340000
1747  3.820000
1748  1.640000
1749  0.340000
1750  2.620000
1751  3.720000
1752  1.340000
1753  0.420000
1754  2.920000
1755  3.600000
1756  1.060000
1757  0.620000
1758  3.180000
1759  3.400000
1760  0.820000
1761  0.820000
1762  3.400000
1763  3.180000
1764  0.600000
1765  1.080000
1766  3.580000
1767  2.900000
1768  0.440000
1769  1.360000
1770  3.720000
1771  2.620000
1772  0.300000
1773  1.640000
1774  3.800000
1775  2.320000
1776  0.260000
1777  1.960000
1778  3.860000
1779  2.000000
1780  0.280000
1781  2.280000
1782  3.820000
1783  1.700000
1784  0.320000
1785  2.580000
1786  3.740000
1787  1.400000
1788  0.420000
1789  2.860000
1790  3.600000
1791  1.080000
1792  0.580000
1793  3.140000
1794  3.420000
1795  0.880000
1796  0.780000
1797  3.340000
1798  3.200000
1799  0.620000
1800  1.020000
1801  3.540000
1802  2.960000
1803  0.480000
1804  1.300000
1805  3.700000
1806  2.700000
1807  0.340000
1808  1.580000
1809  3.800000
1810  2.380000
1811  0.260000
1812  1.880000
1813  3.840000
1814  2.080000
1815  0.260000
1816  2.220000
1817  3.820000
1818  1.760000
1819  0.300000
1820  2.520000
1821  3.760000
1822  1.460000
1823  0.400000
1824  2.800000
1825  3.640000
1826  1.180000
1827  0.560000
1828  3.080000
1829  3.480000
1830  0.900000
1831  0.740000
1832  3.300000
1833  3.280000
1834  0.680000
1835  0.960000
1836  3.500000
1837  3.020000
1838  0.500000
1839  1.240000
1840  3.660000
1841  2.760000
1842  0.380000
1843  1.540000
1844  3.780000
1845  2.440000
1846  0.280000
1847  1.820000
1848  3.820000
1849  2.120000
1850  0.220000
1851  2.160000
1852  3.840000
1853  1.840000
1854  0.300000
1855  2.460000
1856  3.780000
1857  1.520000
1858  0.380000
1859  2.740000
1860  3.680000
1861  1.240000
1862  0.520000
1863  3.020000
1864  3.520000
1865  0.960000
1866  0.700000
1867  3.260000
1868  3.300000
1869  0.720000
1870  0.920000
1871  3.480000
1872  3.060000
1873  0.540000
1874  1.180000
1875  3.640000
1876  2.800000
1877  0.400000
1878  1.460000
1879  3.760000
1880  2.520000
1881  0.300000
1882  1.760000
1883  3.820000
1884  2.200000
1885  0.240000
1886  2.060000
1887  3.860000
1888  1.880000
1889  0.260000
1890  2.380000
1891  3.800000
1892  1.580000
1893  0.360000
1894  2.680000
1895  3.700000
1896  1.300000
1897  0.480000
1898  2.980000
1899  3.560000
1900  1.040000
1901  0.660000
1902  3.220000
1903  3.360000
1904  0.760000
1905  0.860000
1906  3.420000
1907  3.120000
1908  0.540000
1909  1.120000
1910  3.620000
1911  2.860000
1912  0.420000
1913  1.420000
1914  3.740000
1915  2.560000
1916  0.320000
1917  1.700000
1918  3.820000
1919  2.260000
1920  0.260000
1921  2.020000
1922  3.860000
1923  1.940000
1924  0.260000
1925  2.320000
1926  3.820000
1927  1.600000
1928  0.340000
1929  2.620000
1930  3.720000
1931  1.360000
1932  0.460000
1933  2.920000
1934  3.600000
1935  1.080000
1936  0.620000
1937  3.180000
1938  3.420000
1939  0.820000
1940  0.820000
1941  3.400000
1942  3.180000
1943  0.620000
1944  1.080000
1945  3.580000
1946  2.900000
1947  0.440000
1948  1.320000
1949  3.720000
1950  2.620000
1951  0.340000
1952  1.640000
1953  3.800000
1954  2.340000
1955  0.260000
1956  1.960000
1957  3.840000
1958  2.000000
1959  0.260000
1960  2.280000
1961  3.820000
1962  1.700000
1963  0.300000
1964  2.580000
1965  3.740000
1966  1.400000
1967  0.400000
1968  2.840000
1969  3.620000
1970  1.120000
1971  0.580000
1972  3.120000
1973  3.440000
1974  0.880000
1975  0.780000
1976  3.360000
1977  3.240000
1978  0.640000
1979  1.040000
1980  3.540000
1981  2.960000
1982  0.480000
1983  1.300000
1984  3.700000
1985  2.680000
1986  0.340000
1987  1.580000
1988  3.800000
1989  2.380000
1990  0.280000
1991  1.880000
1992  3.840000
1993  2.080000
1994  0.260000
1995  2.200000
1996  3.820000
1997  1.780000
1998  0.300000
1999  2.500000
2000  3.760000
2001  1.460000
2002  0.380000
2003  2.780000
2004  3.660000
2005  1.160000
2006  0.520000
2007  3.080000
2008  3.480000
2009  0.920000
2010  0.740000
2011  3.300000
2012  3.280000
2013  0.680000
2014  0.980000
2015  3.500000
2016  3.000000
2017  0.520000
2018  1.240000
2019  3.680000
2020  2.760000
2021  0.360000
2022  1.520000
2023  3.780000
2024  2.440000
2025  0.280000
2026  1.820000
2027  3.820000
2028  2.140000
2029  0.240000
2030  2.140000
2031  3.820000
2032  1.820000
2033  0.280000
2034  2.440000
2035  3.780000
2036  1.520000
2037  0.380000
2038  2.740000
2039  3.680000
2040  1.240000
2041  0.500000
2042  2.980000
2043  3.520000
2044  0.940000
2045  0.700000
2046  3.280000
2047  3.320000
2048  0.000000
