Nama File =sin5H_100.dat
Time Samplig =0.0100
1  2.780000
2  2.080000
3  0.300000
4  0.640000
5  1.060000
6  1.580000
7  2.100000
8  2.660000
9  3.120000
10  3.500000
11  3.760000
12  3.860000
13  3.760000
14  3.500000
15  3.100000
16  2.600000
17  2.060000
18  1.500000
19  1.020000
20  0.600000
21  0.340000
22  0.240000
23  0.340000
24  0.580000
25  0.960000
26  1.480000
27  2.000000
28  2.540000
29  3.060000
30  3.440000
31  3.720000
32  3.820000
33  3.780000
34  3.560000
35  3.180000
36  2.700000
37  2.180000
38  1.620000
39  1.100000
40  0.660000
41  0.400000
42  0.260000
43  0.280000
44  0.520000
45  0.900000
46  1.360000
47  1.900000
48  2.440000
49  2.960000
50  3.380000
51  3.680000
52  3.820000
53  3.820000
54  3.600000
55  3.280000
56  2.800000
57  2.280000
58  1.720000
59  1.200000
60  0.760000
61  0.440000
62  0.280000
63  0.280000
64  0.460000
65  0.780000
66  1.260000
67  1.780000
68  2.340000
69  2.840000
70  3.320000
71  3.640000
72  3.820000
73  3.820000
74  3.660000
75  3.360000
76  2.900000
77  2.380000
78  1.820000
79  1.280000
80  0.840000
81  0.480000
82  0.280000
83  0.260000
84  0.440000
85  0.720000
86  1.180000
87  1.680000
88  2.240000
89  2.760000
90  3.240000
91  3.580000
92  3.800000
93  3.820000
94  3.720000
95  3.420000
96  3.000000
97  2.480000
98  1.940000
99  1.400000
100  0.920000
101  0.560000
102  0.320000
103  0.260000
104  0.400000
105  0.660000
106  1.080000
107  1.580000
108  2.140000
109  2.640000
110  3.140000
111  3.520000
112  3.760000
113  3.840000
114  3.760000
115  3.480000
116  3.100000
117  2.580000
118  2.040000
119  1.500000
120  0.980000
121  0.600000
122  0.340000
123  0.240000
124  0.320000
125  0.580000
126  0.980000
127  1.480000
128  2.020000
129  2.560000
130  3.040000
131  3.460000
132  3.720000
133  3.820000
134  3.780000
135  3.540000
136  3.180000
137  2.720000
138  2.160000
139  1.620000
140  1.100000
141  0.680000
142  0.380000
143  0.260000
144  0.320000
145  0.540000
146  0.900000
147  1.400000
148  1.900000
149  2.460000
150  2.980000
151  3.400000
152  3.700000
153  3.840000
154  3.800000
155  3.620000
156  3.260000
157  2.820000
158  2.260000
159  1.720000
160  1.220000
161  0.740000
162  0.440000
163  0.280000
164  0.280000
165  0.500000
166  0.820000
167  1.280000
168  1.800000
169  2.360000
170  2.860000
171  3.320000
172  3.640000
173  3.820000
174  3.820000
175  3.660000
176  3.340000
177  2.880000
178  2.380000
179  1.800000
180  1.260000
181  0.820000
182  0.440000
183  0.280000
184  0.260000
185  0.420000
186  0.720000
187  1.160000
188  1.700000
189  2.260000
190  2.760000
191  3.240000
192  3.580000
193  3.800000
194  3.840000
195  3.700000
196  3.420000
197  2.980000
198  2.500000
199  1.920000
200  1.400000
201  0.900000
202  0.540000
203  0.300000
204  0.280000
205  0.380000
206  0.680000
207  1.080000
208  1.600000
209  2.160000
210  2.680000
211  3.160000
212  3.540000
213  3.760000
214  3.860000
215  3.740000
216  3.500000
217  3.080000
218  2.600000
219  2.040000
220  1.500000
221  1.000000
222  0.600000
223  0.340000
224  0.240000
225  0.340000
226  0.620000
227  1.000000
228  1.480000
229  2.040000
230  2.580000
231  3.060000
232  3.480000
233  3.720000
234  3.860000
235  3.780000
236  3.540000
237  3.160000
238  2.660000
239  2.160000
240  1.580000
241  1.040000
242  0.660000
243  0.360000
244  0.240000
245  0.280000
246  0.520000
247  0.920000
248  1.380000
249  1.920000
250  2.480000
251  2.980000
252  3.400000
253  3.700000
254  3.820000
255  3.800000
256  3.600000
257  3.260000
258  2.780000
259  2.240000
260  1.700000
261  1.180000
262  0.740000
263  0.440000
264  0.280000
265  0.300000
266  0.480000
267  0.840000
268  1.280000
269  1.820000
270  2.360000
271  2.880000
272  3.320000
273  3.640000
274  3.820000
275  3.820000
276  3.640000
277  3.340000
278  2.900000
279  2.380000
280  1.800000
281  1.260000
282  0.820000
283  0.480000
284  0.280000
285  0.260000
286  0.420000
287  0.740000
288  1.180000
289  1.700000
290  2.260000
291  2.780000
292  3.240000
293  3.600000
294  3.780000
295  3.820000
296  3.700000
297  3.400000
298  2.980000
299  2.480000
300  1.920000
301  1.380000
302  0.880000
303  0.480000
304  0.280000
305  0.240000
306  0.400000
307  0.680000
308  1.100000
309  1.600000
310  2.160000
311  2.700000
312  3.160000
313  3.520000
314  3.780000
315  3.840000
316  3.760000
317  3.460000
318  3.080000
319  2.580000
320  2.020000
321  1.480000
322  0.980000
323  0.600000
324  0.360000
325  0.240000
326  0.360000
327  0.600000
328  1.000000
329  1.500000
330  2.040000
331  2.580000
332  3.080000
333  3.460000
334  3.740000
335  3.840000
336  3.760000
337  3.540000
338  3.160000
339  2.680000
340  2.140000
341  1.580000
342  1.080000
343  0.640000
344  0.380000
345  0.240000
346  0.300000
347  0.540000
348  0.920000
349  1.380000
350  1.920000
351  2.460000
352  2.980000
353  3.420000
354  3.700000
355  3.840000
356  3.800000
357  3.600000
358  3.240000
359  2.780000
360  2.240000
361  1.680000
362  1.160000
363  0.720000
364  0.420000
365  0.280000
366  0.300000
367  0.520000
368  0.840000
369  1.300000
370  1.840000
371  2.380000
372  2.880000
373  3.320000
374  3.640000
375  3.820000
376  3.820000
377  3.640000
378  3.320000
379  2.880000
380  2.360000
381  1.800000
382  1.240000
383  0.780000
384  0.480000
385  0.300000
386  0.280000
387  0.460000
388  0.780000
389  1.200000
390  1.720000
391  2.280000
392  2.800000
393  3.260000
394  3.600000
395  3.800000
396  3.820000
397  3.700000
398  3.400000
399  2.980000
400  2.460000
401  1.900000
402  1.360000
403  0.880000
404  0.500000
405  0.280000
406  0.240000
407  0.380000
408  0.680000
409  1.100000
410  1.600000
411  2.160000
412  2.640000
413  3.160000
414  3.540000
415  3.780000
416  3.860000
417  3.740000
418  3.480000
419  3.060000
420  2.560000
421  2.020000
422  1.480000
423  0.980000
424  0.600000
425  0.340000
426  0.260000
427  0.360000
428  0.620000
429  1.020000
430  1.520000
431  2.060000
432  2.580000
433  3.080000
434  3.480000
435  3.740000
436  3.840000
437  3.760000
438  3.540000
439  3.160000
440  2.660000
441  2.140000
442  1.580000
443  1.060000
444  0.660000
445  0.380000
446  0.260000
447  0.320000
448  0.560000
449  0.920000
450  1.420000
451  1.940000
452  2.500000
453  3.000000
454  3.420000
455  3.700000
456  3.820000
457  3.800000
458  3.580000
459  3.220000
460  2.760000
461  2.220000
462  1.660000
463  1.140000
464  0.720000
465  0.420000
466  0.240000
467  0.300000
468  0.480000
469  0.840000
470  1.300000
471  1.820000
472  2.380000
473  2.900000
474  3.360000
475  3.660000
476  3.820000
477  3.820000
478  3.640000
479  3.320000
480  2.860000
481  2.340000
482  1.780000
483  1.260000
484  0.800000
485  0.460000
486  0.280000
487  0.280000
488  0.440000
489  0.780000
490  1.220000
491  1.740000
492  2.300000
493  2.820000
494  3.260000
495  3.600000
496  3.780000
497  3.840000
498  3.680000
499  3.380000
500  2.960000
501  2.460000
502  1.900000
503  1.360000
504  0.880000
505  0.520000
506  0.280000
507  0.260000
508  0.380000
509  0.680000
510  1.100000
511  1.620000
512  2.180000
513  2.700000
514  3.160000
515  3.560000
516  3.780000
517  3.820000
518  3.740000
519  3.460000
520  3.060000
521  2.540000
522  2.000000
523  1.460000
524  0.940000
525  0.560000
526  0.320000
527  0.220000
528  0.340000
529  0.600000
530  1.000000
531  1.520000
532  2.040000
533  2.620000
534  3.100000
535  3.480000
536  3.760000
537  3.840000
538  3.760000
539  3.500000
540  3.140000
541  2.660000
542  2.120000
543  1.560000
544  1.060000
545  0.620000
546  0.380000
547  0.240000
548  0.360000
549  0.560000
550  0.940000
551  1.440000
552  1.960000
553  2.500000
554  3.000000
555  3.420000
556  3.720000
557  3.820000
558  3.800000
559  3.600000
560  3.220000
561  2.760000
562  2.220000
563  1.660000
564  1.160000
565  0.720000
566  0.420000
567  0.260000
568  0.300000
569  0.500000
570  0.860000
571  1.320000
572  1.840000
573  2.400000
574  2.920000
575  3.340000
576  3.660000
577  3.820000
578  3.820000
579  3.620000
580  3.300000
581  2.860000
582  2.340000
583  1.760000
584  1.240000
585  0.780000
586  0.440000
587  0.300000
588  0.280000
589  0.460000
590  0.760000
591  1.220000
592  1.720000
593  2.300000
594  2.820000
595  3.280000
596  3.600000
597  3.820000
598  3.820000
599  3.700000
600  3.380000
601  2.940000
602  2.420000
603  1.880000
604  1.340000
605  0.880000
606  0.500000
607  0.320000
608  0.260000
609  0.420000
610  0.700000
611  1.140000
612  1.640000
613  2.200000
614  2.700000
615  3.180000
616  3.540000
617  3.780000
618  3.820000
619  3.720000
620  3.440000
621  3.040000
622  2.540000
623  2.000000
624  1.440000
625  0.940000
626  0.560000
627  0.320000
628  0.240000
629  0.340000
630  0.640000
631  1.020000
632  1.500000
633  2.080000
634  2.620000
635  3.100000
636  3.500000
637  3.740000
638  3.860000
639  3.760000
640  3.500000
641  3.140000
642  2.640000
643  2.100000
644  1.540000
645  1.040000
646  0.640000
647  0.360000
648  0.260000
649  0.320000
650  0.580000
651  0.940000
652  1.440000
653  1.980000
654  2.520000
655  3.020000
656  3.440000
657  3.700000
658  3.840000
659  3.800000
660  3.580000
661  3.220000
662  2.740000
663  2.200000
664  1.660000
665  1.140000
666  0.700000
667  0.400000
668  0.260000
669  0.300000
670  0.520000
671  0.880000
672  1.340000
673  1.860000
674  2.420000
675  2.920000
676  3.340000
677  3.660000
678  3.820000
679  3.820000
680  3.620000
681  3.300000
682  2.840000
683  2.300000
684  1.760000
685  1.220000
686  0.760000
687  0.440000
688  0.280000
689  0.280000
690  0.440000
691  0.760000
692  1.220000
693  1.740000
694  2.300000
695  2.820000
696  3.260000
697  3.620000
698  3.820000
699  0.300000
700  3.680000
701  3.380000
702  2.920000
703  2.420000
704  1.860000
705  1.320000
706  0.860000
707  0.520000
708  0.280000
709  0.280000
710  0.420000
711  0.720000
712  1.160000
713  1.660000
714  2.180000
715  2.740000
716  3.200000
717  3.560000
718  3.780000
719  3.840000
720  3.720000
721  3.440000
722  3.020000
723  2.520000
724  1.960000
725  1.460000
726  0.940000
727  0.580000
728  0.320000
729  0.260000
730  0.380000
731  0.640000
732  1.060000
733  1.560000
734  2.100000
735  2.640000
736  3.120000
737  3.500000
738  3.760000
739  3.840000
740  3.760000
741  3.500000
742  3.100000
743  2.640000
744  2.060000
745  1.520000
746  1.020000
747  0.600000
748  0.360000
749  0.240000
750  0.340000
751  0.560000
752  0.960000
753  1.440000
754  1.960000
755  2.500000
756  3.020000
757  3.440000
758  3.720000
759  3.840000
760  3.800000
761  3.560000
762  3.200000
763  2.740000
764  2.160000
765  1.640000
766  1.120000
767  0.680000
768  0.400000
769  0.260000
770  0.300000
771  0.520000
772  0.880000
773  1.320000
774  1.880000
775  2.440000
776  2.940000
777  3.360000
778  3.680000
779  3.820000
780  3.800000
781  3.620000
782  3.300000
783  2.840000
784  2.320000
785  1.740000
786  1.240000
787  0.760000
788  0.460000
789  0.280000
790  0.280000
791  0.460000
792  0.800000
793  1.240000
794  1.760000
795  2.320000
796  2.840000
797  3.300000
798  3.640000
799  3.800000
800  3.820000
801  3.680000
802  3.360000
803  2.940000
804  2.400000
805  1.840000
806  1.300000
807  0.820000
808  0.480000
809  0.280000
810  0.240000
811  0.420000
812  0.720000
813  1.160000
814  1.660000
815  2.200000
816  2.740000
817  3.220000
818  3.560000
819  3.800000
820  3.840000
821  3.720000
822  3.440000
823  3.020000
824  2.500000
825  1.960000
826  1.440000
827  0.940000
828  0.540000
829  0.300000
830  0.240000
831  0.400000
832  0.660000
833  1.060000
834  1.560000
835  2.120000
836  2.640000
837  3.140000
838  3.500000
839  3.760000
840  3.860000
841  3.760000
842  3.500000
843  3.120000
844  2.620000
845  2.080000
846  1.520000
847  1.020000
848  0.600000
849  0.360000
850  0.240000
851  0.340000
852  0.580000
853  0.940000
854  1.460000
855  1.980000
856  2.540000
857  3.040000
858  3.460000
859  3.740000
860  3.860000
861  3.780000
862  3.560000
863  3.200000
864  2.700000
865  2.160000
866  1.620000
867  1.100000
868  0.680000
869  0.400000
870  0.260000
871  0.300000
872  0.540000
873  0.880000
874  1.360000
875  1.880000
876  2.440000
877  2.940000
878  3.380000
879  3.660000
880  3.840000
881  3.800000
882  3.600000
883  3.280000
884  2.820000
885  2.300000
886  1.740000
887  1.200000
888  0.780000
889  0.440000
890  0.280000
891  0.280000
892  0.480000
893  0.820000
894  1.260000
895  1.780000
896  2.340000
897  2.840000
898  3.300000
899  3.620000
900  3.820000
901  3.820000
902  3.660000
903  3.360000
904  2.920000
905  2.380000
906  1.840000
907  1.300000
908  0.820000
909  0.480000
910  0.280000
911  0.260000
912  0.400000
913  0.720000
914  1.160000
915  1.680000
916  2.200000
917  2.740000
918  3.200000
919  3.560000
920  3.800000
921  3.840000
922  3.700000
923  3.440000
924  3.020000
925  2.500000
926  1.940000
927  1.420000
928  0.920000
929  0.560000
930  0.320000
931  0.260000
932  0.380000
933  0.660000
934  1.080000
935  1.580000
936  2.120000
937  2.660000
938  3.140000
939  3.500000
940  3.740000
941  3.860000
942  3.740000
943  3.500000
944  3.100000
945  2.600000
946  2.060000
947  1.520000
948  1.000000
949  0.620000
950  0.360000
951  0.260000
952  0.340000
953  0.600000
954  0.980000
955  1.480000
956  2.000000
957  2.540000
958  3.040000
959  3.460000
960  3.720000
961  3.820000
962  3.780000
963  3.560000
964  3.180000
965  2.700000
966  2.140000
967  1.600000
968  1.100000
969  0.680000
970  0.380000
971  0.240000
972  0.300000
973  0.500000
974  0.900000
975  1.360000
976  1.900000
977  2.440000
978  2.960000
979  3.400000
980  3.660000
981  3.820000
982  3.820000
983  3.600000
984  3.280000
985  2.800000
986  2.280000
987  1.720000
988  1.200000
989  0.760000
990  0.440000
991  0.280000
992  0.300000
993  0.480000
994  0.800000
995  1.260000
996  1.800000
997  2.340000
998  2.860000
999  3.300000
1000  3.640000
1001  3.800000
1002  3.820000
1003  3.660000
1004  3.340000
1005  2.900000
1006  2.380000
1007  1.820000
1008  1.280000
1009  0.820000
1010  0.500000
1011  0.300000
1012  0.280000
1013  0.440000
1014  0.740000
1015  1.160000
1016  1.680000
1017  2.240000
1018  2.760000
1019  3.220000
1020  3.580000
1021  3.780000
1022  3.840000
1023  3.720000
1024  3.400000
1025  3.000000
1026  2.480000
1027  1.920000
1028  1.400000
1029  0.900000
1030  0.500000
1031  0.300000
1032  0.240000
1033  0.360000
1034  0.660000
1035  1.080000
1036  1.580000
1037  2.120000
1038  2.660000
1039  3.140000
1040  3.520000
1041  3.760000
1042  3.840000
1043  3.760000
1044  3.500000
1045  3.100000
1046  2.600000
1047  2.060000
1048  1.500000
1049  1.000000
1050  0.600000
1051  0.360000
1052  0.240000
1053  0.360000
1054  0.600000
1055  1.000000
1056  1.480000
1057  2.020000
1058  2.560000
1059  3.060000
1060  3.460000
1061  3.740000
1062  3.820000
1063  3.780000
1064  3.540000
1065  3.180000
1066  2.700000
1067  2.160000
1068  1.600000
1069  1.100000
1070  0.660000
1071  0.400000
1072  0.260000
1073  0.320000
1074  0.540000
1075  0.900000
1076  1.400000
1077  1.880000
1078  2.460000
1079  2.960000
1080  3.400000
1081  3.680000
1082  3.840000
1083  3.800000
1084  3.620000
1085  3.260000
1086  2.800000
1087  2.260000
1088  1.700000
1089  1.160000
1090  0.740000
1091  0.420000
1092  0.260000
1093  0.280000
1094  0.480000
1095  0.820000
1096  1.280000
1097  1.800000
1098  2.360000
1099  2.860000
1100  3.320000
1101  3.640000
1102  3.820000
1103  3.820000
1104  3.660000
1105  3.340000
1106  2.900000
1107  2.380000
1108  1.800000
1109  1.260000
1110  0.840000
1111  0.460000
1112  0.300000
1113  0.280000
1114  0.460000
1115  0.740000
1116  1.200000
1117  1.700000
1118  2.260000
1119  2.780000
1120  3.240000
1121  3.580000
1122  3.800000
1123  3.820000
1124  3.700000
1125  3.420000
1126  2.980000
1127  2.480000
1128  1.940000
1129  1.380000
1130  0.920000
1131  0.540000
1132  0.300000
1133  0.260000
1134  0.360000
1135  0.660000
1136  1.080000
1137  1.560000
1138  2.160000
1139  2.660000
1140  3.160000
1141  3.540000
1142  3.760000
1143  3.860000
1144  3.760000
1145  3.480000
1146  3.080000
1147  2.580000
1148  2.040000
1149  1.480000
1150  0.980000
1151  0.600000
1152  0.340000
1153  0.260000
1154  0.340000
1155  0.600000
1156  1.000000
1157  1.500000
1158  2.040000
1159  2.580000
1160  3.060000
1161  3.480000
1162  3.720000
1163  3.860000
1164  3.780000
1165  3.540000
1166  3.160000
1167  2.680000
1168  2.140000
1169  1.580000
1170  1.080000
1171  0.680000
1172  0.380000
1173  0.260000
1174  0.320000
1175  0.560000
1176  0.920000
1177  1.400000
1178  1.920000
1179  2.480000
1180  2.980000
1181  3.400000
1182  3.680000
1183  3.820000
1184  3.800000
1185  3.600000
1186  3.260000
1187  2.800000
1188  2.240000
1189  1.680000
1190  1.160000
1191  0.740000
1192  0.420000
1193  0.260000
1194  0.280000
1195  0.460000
1196  0.820000
1197  1.300000
1198  1.820000
1199  2.360000
1200  2.880000
1201  3.340000
1202  3.660000
1203  3.820000
1204  3.820000
1205  3.660000
1206  3.340000
1207  2.880000
1208  2.360000
1209  1.800000
1210  1.280000
1211  0.820000
1212  0.480000
1213  0.280000
1214  0.280000
1215  0.440000
1216  0.760000
1217  1.200000
1218  1.680000
1219  2.260000
1220  2.800000
1221  3.240000
1222  3.600000
1223  3.800000
1224  3.840000
1225  3.700000
1226  3.400000
1227  2.960000
1228  2.480000
1229  1.900000
1230  1.380000
1231  0.880000
1232  0.540000
1233  0.300000
1234  0.260000
1235  0.400000
1236  0.680000
1237  1.100000
1238  1.600000
1239  2.140000
1240  2.660000
1241  3.160000
1242  3.540000
1243  3.760000
1244  3.860000
1245  3.740000
1246  3.460000
1247  3.080000
1248  2.580000
1249  2.020000
1250  1.480000
1251  0.980000
1252  0.580000
1253  0.320000
1254  0.240000
1255  0.340000
1256  0.580000
1257  1.000000
1258  1.500000
1259  2.040000
1260  2.580000
1261  3.080000
1262  3.480000
1263  3.740000
1264  3.840000
1265  3.780000
1266  3.540000
1267  3.160000
1268  2.680000
1269  2.140000
1270  1.560000
1271  1.100000
1272  0.640000
1273  0.380000
1274  0.240000
1275  0.300000
1276  0.560000
1277  0.920000
1278  1.400000
1279  1.960000
1280  2.480000
1281  3.000000
1282  3.400000
1283  3.720000
1284  3.820000
1285  3.800000
1286  3.580000
1287  3.240000
1288  2.780000
1289  2.240000
1290  1.680000
1291  1.180000
1292  0.720000
1293  0.420000
1294  0.260000
1295  0.300000
1296  0.500000
1297  0.840000
1298  1.300000
1299  1.840000
1300  2.380000
1301  2.900000
1302  3.320000
1303  3.660000
1304  3.820000
1305  3.820000
1306  3.640000
1307  3.320000
1308  2.880000
1309  2.340000
1310  1.780000
1311  1.220000
1312  0.780000
1313  0.440000
1314  0.260000
1315  0.260000
1316  0.440000
1317  0.720000
1318  1.200000
1319  1.720000
1320  2.280000
1321  2.800000
1322  3.260000
1323  3.580000
1324  3.800000
1325  3.820000
1326  3.700000
1327  3.400000
1328  2.960000
1329  2.460000
1330  1.900000
1331  1.360000
1332  0.900000
1333  0.500000
1334  0.320000
1335  0.260000
1336  0.400000
1337  0.700000
1338  1.140000
1339  1.600000
1340  2.180000
1341  2.700000
1342  3.180000
1343  3.520000
1344  3.780000
1345  3.840000
1346  3.740000
1347  3.480000
1348  3.060000
1349  2.560000
1350  2.020000
1351  1.460000
1352  0.980000
1353  0.580000
1354  0.320000
1355  0.260000
1356  0.340000
1357  0.600000
1358  1.020000
1359  1.520000
1360  2.060000
1361  2.600000
1362  3.100000
1363  3.500000
1364  3.760000
1365  3.860000
1366  3.780000
1367  3.540000
1368  3.160000
1369  2.660000
1370  2.120000
1371  1.560000
1372  1.060000
1373  0.660000
1374  0.360000
1375  0.260000
1376  0.320000
1377  0.580000
1378  0.940000
1379  1.400000
1380  1.940000
1381  2.500000
1382  2.980000
1383  3.440000
1384  3.700000
1385  3.820000
1386  3.800000
1387  3.600000
1388  3.240000
1389  2.760000
1390  2.220000
1391  1.680000
1392  1.140000
1393  0.740000
1394  0.400000
1395  0.280000
1396  0.300000
1397  0.500000
1398  0.860000
1399  1.320000
1400  1.840000
1401  2.400000
1402  2.900000
1403  3.340000
1404  3.620000
1405  3.820000
1406  3.820000
1407  3.640000
1408  3.320000
1409  2.860000
1410  2.340000
1411  1.780000
1412  1.240000
1413  0.800000
1414  0.440000
1415  0.260000
1416  0.260000
1417  0.420000
1418  0.760000
1419  1.200000
1420  1.740000
1421  2.280000
1422  2.800000
1423  3.280000
1424  3.620000
1425  3.780000
1426  3.820000
1427  3.680000
1428  3.400000
1429  2.960000
1430  2.440000
1431  1.880000
1432  1.360000
1433  0.880000
1434  0.520000
1435  0.300000
1436  0.280000
1437  0.400000
1438  0.700000
1439  1.120000
1440  1.620000
1441  2.160000
1442  2.700000
1443  3.180000
1444  3.560000
1445  3.760000
1446  3.860000
1447  3.720000
1448  3.460000
1449  3.060000
1450  2.540000
1451  2.000000
1452  1.460000
1453  0.960000
1454  0.580000
1455  0.340000
1456  0.260000
1457  0.360000
1458  0.620000
1459  1.040000
1460  1.520000
1461  2.080000
1462  2.620000
1463  3.100000
1464  3.480000
1465  3.740000
1466  3.840000
1467  3.760000
1468  3.540000
1469  3.140000
1470  2.660000
1471  2.120000
1472  1.560000
1473  1.040000
1474  0.620000
1475  0.360000
1476  0.220000
1477  0.320000
1478  0.540000
1479  0.920000
1480  1.420000
1481  1.940000
1482  2.520000
1483  3.000000
1484  3.420000
1485  3.740000
1486  3.820000
1487  3.800000
1488  3.580000
1489  3.220000
1490  2.760000
1491  2.220000
1492  1.680000
1493  1.160000
1494  0.700000
1495  0.420000
1496  0.260000
1497  0.300000
1498  0.500000
1499  0.860000
1500  1.320000
1501  1.860000
1502  2.400000
1503  2.920000
1504  3.340000
1505  3.680000
1506  3.820000
1507  3.820000
1508  3.640000
1509  3.320000
1510  2.840000
1511  2.340000
1512  1.760000
1513  1.240000
1514  0.780000
1515  0.460000
1516  0.280000
1517  0.280000
1518  0.460000
1519  0.780000
1520  1.220000
1521  1.740000
1522  2.300000
1523  2.820000
1524  3.260000
1525  3.620000
1526  3.800000
1527  3.820000
1528  3.700000
1529  3.380000
1530  2.960000
1531  2.440000
1532  1.860000
1533  1.320000
1534  0.820000
1535  0.480000
1536  0.280000
1537  0.260000
1538  0.400000
1539  0.680000
1540  1.120000
1541  1.620000
1542  2.200000
1543  2.720000
1544  3.200000
1545  3.560000
1546  3.780000
1547  3.840000
1548  3.720000
1549  3.440000
1550  3.040000
1551  2.540000
1552  2.000000
1553  1.440000
1554  0.940000
1555  0.560000
1556  0.340000
1557  0.240000
1558  0.360000
1559  0.620000
1560  1.020000
1561  1.540000
1562  2.080000
1563  2.620000
1564  3.120000
1565  3.480000
1566  3.760000
1567  3.840000
1568  3.760000
1569  3.500000
1570  3.120000
1571  2.640000
1572  2.100000
1573  1.540000
1574  1.060000
1575  0.620000
1576  0.380000
1577  0.260000
1578  0.340000
1579  0.580000
1580  0.940000
1581  1.420000
1582  1.960000
1583  2.500000
1584  3.020000
1585  3.440000
1586  3.720000
1587  3.840000
1588  3.760000
1589  3.600000
1590  3.220000
1591  2.760000
1592  2.200000
1593  1.640000
1594  1.120000
1595  0.700000
1596  0.400000
1597  0.240000
1598  0.300000
1599  0.520000
1600  0.860000
1601  1.320000
1602  1.880000
1603  2.420000
1604  2.920000
1605  3.360000
1606  3.660000
1607  3.820000
1608  3.800000
1609  3.640000
1610  3.300000
1611  2.840000
1612  2.320000
1613  1.760000
1614  1.220000
1615  0.800000
1616  0.440000
1617  0.280000
1618  0.280000
1619  0.460000
1620  0.800000
1621  1.240000
1622  1.760000
1623  2.320000
1624  2.820000
1625  3.300000
1626  3.620000
1627  3.820000
1628  3.820000
1629  3.680000
1630  3.360000
1631  2.940000
1632  2.420000
1633  1.880000
1634  1.320000
1635  0.860000
1636  0.500000
1637  0.280000
1638  0.280000
1639  0.400000
1640  0.660000
1641  1.120000
1642  1.640000
1643  2.200000
1644  2.700000
1645  3.220000
1646  3.560000
1647  3.800000
1648  3.840000
1649  3.740000
1650  3.460000
1651  3.020000
1652  2.520000
1653  1.980000
1654  1.420000
1655  0.940000
1656  0.560000
1657  0.320000
1658  0.260000
1659  0.380000
1660  0.660000
1661  1.060000
1662  1.560000
1663  2.100000
1664  2.640000
1665  3.120000
1666  3.500000
1667  3.740000
1668  3.860000
1669  3.760000
1670  3.500000
1671  3.120000
1672  2.640000
1673  2.080000
1674  1.540000
1675  1.040000
1676  0.620000
1677  0.340000
1678  0.260000
1679  0.340000
1680  0.580000
1681  0.960000
1682  1.460000
1683  2.000000
1684  2.540000
1685  3.020000
1686  3.440000
1687  3.720000
1688  3.840000
1689  3.780000
1690  3.560000
1691  3.220000
1692  2.740000
1693  2.200000
1694  1.640000
1695  1.100000
1696  0.680000
1697  0.360000
1698  0.240000
1699  0.300000
1700  0.500000
1701  0.860000
1702  1.300000
1703  1.860000
1704  2.440000
1705  2.940000
1706  3.380000
1707  3.680000
1708  3.820000
1709  3.820000
1710  3.620000
1711  3.300000
1712  2.820000
1713  2.300000
1714  1.700000
1715  1.220000
1716  0.760000
1717  0.440000
1718  0.280000
1719  0.300000
1720  0.480000
1721  0.800000
1722  1.260000
1723  1.780000
1724  2.320000
1725  2.840000
1726  3.280000
1727  3.640000
1728  3.800000
1729  3.820000
1730  3.680000
1731  3.360000
1732  2.920000
1733  2.420000
1734  1.840000
1735  1.320000
1736  0.840000
1737  0.500000
1738  0.280000
1739  0.280000
1740  0.420000
1741  0.720000
1742  1.160000
1743  1.660000
1744  2.200000
1745  2.760000
1746  3.180000
1747  3.560000
1748  3.780000
1749  3.840000
1750  3.720000
1751  3.460000
1752  2.980000
1753  2.520000
1754  1.940000
1755  1.380000
1756  0.920000
1757  0.540000
1758  0.300000
1759  0.240000
1760  0.380000
1761  0.620000
1762  1.060000
1763  1.560000
1764  2.100000
1765  2.660000
1766  3.120000
1767  3.500000
1768  3.760000
1769  3.840000
1770  3.760000
1771  3.500000
1772  3.120000
1773  2.620000
1774  2.080000
1775  1.520000
1776  1.040000
1777  0.600000
1778  0.360000
1779  0.240000
1780  0.360000
1781  0.580000
1782  0.980000
1783  1.460000
1784  2.000000
1785  2.520000
1786  3.040000
1787  3.440000
1788  3.720000
1789  3.820000
1790  3.780000
1791  3.560000
1792  3.200000
1793  2.720000
1794  2.180000
1795  1.620000
1796  1.120000
1797  0.680000
1798  0.400000
1799  0.260000
1800  0.320000
1801  0.540000
1802  0.880000
1803  1.360000
1804  1.880000
1805  2.440000
1806  2.960000
1807  3.360000
1808  3.700000
1809  3.820000
1810  3.820000
1811  3.620000
1812  3.280000
1813  2.820000
1814  2.280000
1815  1.700000
1816  1.200000
1817  0.740000
1818  0.420000
1819  0.280000
1820  0.260000
1821  0.460000
1822  0.800000
1823  1.260000
1824  1.780000
1825  2.340000
1826  2.860000
1827  3.300000
1828  3.620000
1829  3.820000
1830  3.820000
1831  3.680000
1832  3.360000
1833  2.920000
1834  2.400000
1835  1.840000
1836  1.300000
1837  0.860000
1838  0.500000
1839  0.300000
1840  0.260000
1841  0.420000
1842  0.720000
1843  1.160000
1844  1.680000
1845  2.220000
1846  2.740000
1847  3.220000
1848  3.560000
1849  3.800000
1850  3.820000
1851  3.720000
1852  3.420000
1853  3.020000
1854  2.500000
1855  1.960000
1856  1.400000
1857  0.920000
1858  0.520000
1859  0.300000
1860  0.260000
1861  0.360000
1862  0.640000
1863  1.060000
1864  1.580000
1865  2.120000
1866  2.640000
1867  3.140000
1868  3.520000
1869  3.760000
1870  3.860000
1871  3.740000
1872  3.480000
1873  3.100000
1874  2.600000
1875  2.040000
1876  1.500000
1877  1.020000
1878  0.620000
1879  0.360000
1880  0.260000
1881  0.340000
1882  0.600000
1883  0.980000
1884  1.480000
1885  2.020000
1886  2.540000
1887  3.040000
1888  3.440000
1889  3.720000
1890  3.860000
1891  3.780000
1892  3.560000
1893  3.180000
1894  2.720000
1895  2.160000
1896  1.620000
1897  1.100000
1898  0.700000
1899  0.380000
1900  0.280000
1901  0.300000
1902  0.540000
1903  0.900000
1904  1.380000
1905  1.900000
1906  2.440000
1907  2.960000
1908  3.400000
1909  3.680000
1910  3.840000
1911  3.800000
1912  3.600000
1913  3.300000
1914  2.800000
1915  2.280000
1916  1.700000
1917  1.180000
1918  0.740000
1919  0.420000
1920  0.280000
1921  0.280000
1922  0.460000
1923  0.820000
1924  1.260000
1925  1.800000
1926  2.360000
1927  2.860000
1928  3.320000
1929  3.620000
1930  3.800000
1931  3.820000
1932  3.660000
1933  3.360000
1934  2.900000
1935  2.400000
1936  1.840000
1937  1.300000
1938  0.820000
1939  0.500000
1940  0.280000
1941  0.260000
1942  0.420000
1943  0.740000
1944  1.180000
1945  1.680000
1946  2.260000
1947  2.760000
1948  3.240000
1949  3.580000
1950  3.780000
1951  3.840000
1952  3.700000
1953  3.420000
1954  3.000000
1955  2.500000
1956  1.940000
1957  1.400000
1958  0.920000
1959  0.540000
1960  0.320000
1961  0.260000
1962  0.380000
1963  0.660000
1964  1.080000
1965  1.580000
1966  2.140000
1967  2.680000
1968  3.140000
1969  3.500000
1970  3.760000
1971  3.860000
1972  3.760000
1973  3.500000
1974  3.100000
1975  2.580000
1976  2.040000
1977  1.480000
1978  0.960000
1979  0.580000
1980  0.320000
1981  0.240000
1982  0.340000
1983  0.580000
1984  0.980000
1985  1.460000
1986  2.020000
1987  2.560000
1988  3.060000
1989  3.460000
1990  3.740000
1991  3.840000
1992  3.800000
1993  3.560000
1994  3.180000
1995  2.700000
1996  2.160000
1997  1.600000
1998  1.100000
1999  0.660000
2000  0.400000
2001  0.240000
2002  0.320000
2003  0.540000
2004  0.920000
2005  1.400000
2006  1.920000
2007  2.480000
2008  2.960000
2009  3.400000
2010  3.680000
2011  3.820000
2012  3.800000
2013  3.600000
2014  3.260000
2015  2.800000
2016  2.260000
2017  1.720000
2018  1.200000
2019  0.740000
2020  0.440000
2021  0.260000
2022  0.300000
2023  0.480000
2024  0.820000
2025  1.260000
2026  1.800000
2027  2.340000
2028  2.860000
2029  3.320000
2030  3.640000
2031  3.820000
2032  3.820000
2033  3.660000
2034  3.340000
2035  2.900000
2036  2.360000
2037  1.800000
2038  1.260000
2039  0.820000
2040  0.480000
2041  0.280000
2042  0.260000
2043  0.440000
2044  0.760000
2045  1.200000
2046  1.700000
2047  2.240000
2048  0.000000
