Nama File =sin50H_1k.dat
Time Samplig =0.0005
1  2.080000
2  0.300000
3  1.520000
4  1.800000
5  2.100000
6  2.380000
7  2.660000
8  2.920000
9  3.160000
10  3.360000
11  3.540000
12  3.680000
13  3.780000
14  3.820000
15  3.840000
16  3.780000
17  3.720000
18  3.580000
19  3.400000
20  3.180000
21  2.960000
22  2.680000
23  2.400000
24  2.160000
25  1.860000
26  1.580000
27  1.320000
28  1.060000
29  0.820000
30  0.620000
31  0.460000
32  0.360000
33  0.280000
34  0.240000
35  0.300000
36  0.360000
37  0.480000
38  0.620000
39  0.800000
40  1.040000
41  1.300000
42  1.560000
43  1.840000
44  2.160000
45  2.420000
46  2.700000
47  2.940000
48  3.180000
49  3.400000
50  3.560000
51  3.700000
52  3.800000
53  3.820000
54  3.820000
55  3.780000
56  3.700000
57  3.540000
58  3.400000
59  3.180000
60  2.940000
61  2.660000
62  2.380000
63  2.100000
64  1.800000
65  1.520000
66  1.260000
67  1.020000
68  0.800000
69  0.600000
70  0.460000
71  0.360000
72  0.280000
73  0.260000
74  0.300000
75  0.380000
76  0.500000
77  0.660000
78  0.860000
79  1.080000
80  1.340000
81  1.620000
82  1.880000
83  2.200000
84  2.480000
85  2.740000
86  3.000000
87  3.220000
88  3.420000
89  3.600000
90  3.720000
91  3.820000
92  3.840000
93  3.820000
94  3.780000
95  3.680000
96  3.520000
97  3.340000
98  3.140000
99  2.900000
100  2.620000
101  2.340000
102  2.060000
103  1.760000
104  1.500000
105  1.220000
106  0.980000
107  0.760000
108  0.580000
109  0.440000
110  0.320000
111  0.280000
112  0.260000
113  0.320000
114  0.400000
115  0.520000
116  0.680000
117  0.900000
118  1.140000
119  1.400000
120  1.660000
121  1.940000
122  2.240000
123  2.520000
124  2.800000
125  3.040000
126  3.260000
127  3.460000
128  3.620000
129  3.720000
130  3.800000
131  3.840000
132  3.820000
133  3.760000
134  3.640000
135  3.500000
136  3.320000
137  3.100000
138  2.840000
139  2.560000
140  2.300000
141  2.000000
142  1.720000
143  1.440000
144  1.160000
145  0.940000
146  0.720000
147  0.560000
148  0.420000
149  0.320000
150  0.280000
151  0.260000
152  0.320000
153  0.420000
154  0.540000
155  0.720000
156  0.920000
157  1.160000
158  1.420000
159  1.680000
160  2.000000
161  2.280000
162  2.560000
163  2.820000
164  3.060000
165  3.300000
166  3.480000
167  3.620000
168  3.760000
169  3.820000
170  3.840000
171  3.800000
172  3.740000
173  3.640000
174  3.460000
175  3.280000
176  3.060000
177  2.780000
178  2.520000
179  2.240000
180  1.960000
181  1.680000
182  1.400000
183  1.140000
184  0.900000
185  0.700000
186  0.520000
187  0.400000
188  0.300000
189  0.240000
190  0.280000
191  0.340000
192  0.440000
193  0.580000
194  0.740000
195  0.960000
196  1.200000
197  1.480000
198  1.740000
199  2.040000
200  2.300000
201  2.600000
202  2.860000
203  3.120000
204  3.320000
205  3.500000
206  3.660000
207  3.760000
208  3.820000
209  3.860000
210  3.800000
211  3.720000
212  3.600000
213  3.440000
214  3.260000
215  3.020000
216  2.760000
217  2.480000
218  2.200000
219  1.900000
220  1.620000
221  1.360000
222  1.120000
223  0.860000
224  0.680000
225  0.500000
226  0.380000
227  0.300000
228  0.260000
229  0.280000
230  0.340000
231  0.460000
232  0.600000
233  0.780000
234  1.000000
235  1.240000
236  1.520000
237  1.800000
238  2.060000
239  2.380000
240  2.640000
241  2.900000
242  3.160000
243  3.340000
244  3.540000
245  3.660000
246  3.760000
247  3.820000
248  3.840000
249  3.800000
250  3.700000
251  3.580000
252  3.420000
253  3.220000
254  2.960000
255  2.720000
256  2.400000
257  2.160000
258  1.860000
259  1.600000
260  1.320000
261  1.060000
262  0.840000
263  0.620000
264  0.460000
265  0.360000
266  0.280000
267  0.260000
268  0.280000
269  0.360000
270  0.480000
271  0.620000
272  0.820000
273  1.040000
274  1.280000
275  1.560000
276  1.840000
277  2.120000
278  2.420000
279  2.680000
280  2.960000
281  3.180000
282  3.400000
283  3.580000
284  3.700000
285  3.780000
286  3.820000
287  3.820000
288  3.780000
289  3.680000
290  3.560000
291  3.380000
292  3.180000
293  2.940000
294  2.680000
295  2.400000
296  2.100000
297  1.800000
298  1.540000
299  1.260000
300  1.040000
301  0.800000
302  0.620000
303  0.480000
304  0.340000
305  0.280000
306  0.260000
307  0.300000
308  0.380000
309  0.500000
310  0.660000
311  0.840000
312  1.040000
313  1.340000
314  1.600000
315  1.880000
316  2.180000
317  2.460000
318  2.740000
319  2.980000
320  3.220000
321  3.420000
322  3.580000
323  3.720000
324  3.800000
325  3.840000
326  3.820000
327  3.780000
328  3.680000
329  3.520000
330  3.340000
331  3.140000
332  2.860000
333  2.620000
334  2.360000
335  2.040000
336  1.780000
337  1.500000
338  1.240000
339  0.980000
340  0.760000
341  0.600000
342  0.440000
343  0.340000
344  0.280000
345  0.260000
346  0.300000
347  0.400000
348  0.500000
349  0.700000
350  0.880000
351  1.120000
352  1.380000
353  1.660000
354  1.940000
355  2.220000
356  2.520000
357  2.780000
358  3.020000
359  3.260000
360  3.460000
361  3.600000
362  3.720000
363  3.800000
364  3.860000
365  3.820000
366  3.760000
367  3.660000
368  3.500000
369  3.320000
370  3.060000
371  2.860000
372  2.560000
373  2.300000
374  2.020000
375  1.740000
376  1.460000
377  1.200000
378  0.940000
379  0.720000
380  0.540000
381  0.420000
382  0.320000
383  0.260000
384  0.280000
385  0.320000
386  0.400000
387  0.560000
388  0.720000
389  0.920000
390  1.160000
391  1.440000
392  1.700000
393  1.980000
394  2.280000
395  2.560000
396  2.820000
397  3.080000
398  3.280000
399  3.480000
400  3.620000
401  3.740000
402  3.820000
403  3.840000
404  3.800000
405  3.740000
406  3.640000
407  3.480000
408  3.280000
409  3.060000
410  2.820000
411  2.520000
412  2.260000
413  1.960000
414  1.680000
415  1.420000
416  1.160000
417  0.920000
418  0.720000
419  0.540000
420  0.400000
421  0.300000
422  0.260000
423  0.260000
424  0.320000
425  0.440000
426  0.560000
427  0.740000
428  0.940000
429  1.200000
430  1.480000
431  1.740000
432  2.040000
433  2.300000
434  2.600000
435  2.840000
436  3.100000
437  3.320000
438  3.500000
439  3.660000
440  3.760000
441  3.820000
442  3.840000
443  3.800000
444  3.720000
445  3.600000
446  3.440000
447  3.240000
448  3.020000
449  2.780000
450  2.500000
451  2.220000
452  1.900000
453  1.640000
454  1.360000
455  1.120000
456  0.880000
457  0.680000
458  0.520000
459  0.400000
460  0.280000
461  0.260000
462  0.280000
463  0.340000
464  0.460000
465  0.600000
466  0.780000
467  0.980000
468  1.240000
469  1.520000
470  1.780000
471  2.060000
472  2.360000
473  2.640000
474  2.900000
475  3.140000
476  3.340000
477  3.520000
478  3.680000
479  3.780000
480  3.820000
481  3.840000
482  3.800000
483  3.720000
484  3.600000
485  3.420000
486  3.200000
487  2.980000
488  2.720000
489  2.460000
490  2.160000
491  1.880000
492  1.580000
493  1.320000
494  1.080000
495  0.840000
496  0.640000
497  0.480000
498  0.360000
499  0.300000
500  0.220000
501  0.280000
502  0.360000
503  0.460000
504  0.620000
505  0.820000
506  1.020000
507  1.280000
508  1.560000
509  1.840000
510  2.120000
511  2.400000
512  2.680000
513  2.940000
514  3.180000
515  3.380000
516  3.540000
517  3.700000
518  3.780000
519  3.820000
520  3.840000
521  3.780000
522  3.700000
523  3.560000
524  3.400000
525  3.180000
526  2.940000
527  2.680000
528  2.400000
529  2.100000
530  1.820000
531  1.540000
532  1.280000
533  1.040000
534  0.800000
535  0.620000
536  0.460000
537  0.360000
538  0.280000
539  0.260000
540  0.300000
541  0.360000
542  0.500000
543  0.660000
544  0.840000
545  1.080000
546  1.320000
547  1.580000
548  1.880000
549  2.180000
550  2.460000
551  2.720000
552  2.960000
553  3.220000
554  3.420000
555  3.580000
556  3.720000
557  3.800000
558  3.840000
559  3.820000
560  3.780000
561  3.680000
562  3.520000
563  3.360000
564  3.140000
565  2.900000
566  2.600000
567  2.360000
568  2.080000
569  1.780000
570  1.500000
571  1.240000
572  1.000000
573  0.760000
574  0.600000
575  0.460000
576  0.340000
577  0.280000
578  0.260000
579  0.300000
580  0.400000
581  0.500000
582  0.680000
583  0.880000
584  1.100000
585  1.360000
586  1.640000
587  1.920000
588  2.220000
589  2.500000
590  2.780000
591  3.040000
592  3.260000
593  3.460000
594  3.600000
595  3.720000
596  3.800000
597  3.840000
598  3.820000
599  3.780000
600  3.660000
601  3.500000
602  3.320000
603  3.100000
604  2.860000
605  2.580000
606  2.300000
607  2.020000
608  1.700000
609  1.460000
610  1.200000
611  0.960000
612  0.760000
613  0.560000
614  0.420000
615  0.300000
616  0.280000
617  0.260000
618  0.300000
619  0.420000
620  0.520000
621  0.720000
622  0.920000
623  1.160000
624  1.420000
625  1.700000
626  1.960000
627  2.260000
628  2.540000
629  2.820000
630  3.060000
631  3.280000
632  3.480000
633  3.620000
634  3.740000
635  3.800000
636  3.860000
637  3.820000
638  3.740000
639  3.640000
640  3.460000
641  3.280000
642  3.080000
643  2.800000
644  2.540000
645  2.260000
646  1.940000
647  1.660000
648  1.420000
649  1.160000
650  0.920000
651  0.720000
652  0.540000
653  0.400000
654  0.300000
655  0.260000
656  0.260000
657  0.320000
658  0.420000
659  0.560000
660  0.740000
661  0.940000
662  1.200000
663  1.460000
664  1.720000
665  2.020000
666  2.320000
667  2.600000
668  2.840000
669  3.080000
670  3.320000
671  3.500000
672  3.660000
673  3.780000
674  3.820000
675  3.860000
676  3.800000
677  3.740000
678  3.620000
679  3.460000
680  3.260000
681  3.020000
682  2.760000
683  2.500000
684  2.200000
685  1.920000
686  1.640000
687  1.380000
688  1.120000
689  0.880000
690  0.700000
691  0.500000
692  0.380000
693  0.300000
694  0.260000
695  0.260000
696  0.340000
697  0.440000
698  0.600000
699  0.780000
700  1.000000
701  1.220000
702  1.500000
703  1.780000
704  2.060000
705  2.360000
706  2.640000
707  2.900000
708  3.140000
709  3.340000
710  3.500000
711  3.680000
712  3.780000
713  3.820000
714  3.840000
715  3.800000
716  3.720000
717  3.580000
718  3.420000
719  3.220000
720  2.980000
721  2.740000
722  2.460000
723  2.160000
724  1.880000
725  1.580000
726  1.320000
727  1.080000
728  0.840000
729  0.640000
730  0.480000
731  0.380000
732  0.300000
733  0.260000
734  0.280000
735  0.360000
736  0.480000
737  0.620000
738  0.780000
739  1.040000
740  1.260000
741  1.540000
742  1.820000
743  2.080000
744  2.400000
745  2.680000
746  2.940000
747  3.180000
748  3.380000
749  3.560000
750  3.680000
751  3.780000
752  3.840000
753  3.840000
754  3.800000
755  3.700000
756  3.560000
757  3.400000
758  3.180000
759  2.940000
760  2.680000
761  2.400000
762  2.120000
763  1.800000
764  1.560000
765  1.280000
766  1.040000
767  0.820000
768  0.620000
769  0.460000
770  0.340000
771  0.260000
772  0.260000
773  0.300000
774  0.380000
775  0.500000
776  0.660000
777  0.860000
778  1.080000
779  1.320000
780  1.580000
781  1.840000
782  2.180000
783  2.440000
784  2.720000
785  2.980000
786  3.200000
787  3.420000
788  3.580000
789  3.680000
790  3.800000
791  3.820000
792  3.820000
793  3.780000
794  3.660000
795  3.540000
796  3.360000
797  3.160000
798  2.920000
799  2.640000
800  2.340000
801  2.080000
802  1.780000
803  1.500000
804  1.240000
805  1.000000
806  0.780000
807  0.600000
808  0.480000
809  0.340000
810  0.280000
811  0.260000
812  0.300000
813  0.380000
814  0.500000
815  0.680000
816  0.880000
817  1.120000
818  1.360000
819  1.640000
820  1.920000
821  2.220000
822  2.460000
823  2.780000
824  3.000000
825  3.240000
826  3.440000
827  3.600000
828  3.720000
829  3.800000
830  3.840000
831  3.820000
832  3.760000
833  3.640000
834  3.500000
835  3.340000
836  3.100000
837  2.860000
838  2.600000
839  2.320000
840  2.040000
841  1.740000
842  1.440000
843  1.200000
844  0.960000
845  0.740000
846  0.560000
847  0.420000
848  0.340000
849  0.280000
850  0.260000
851  0.320000
852  0.400000
853  0.540000
854  0.720000
855  0.920000
856  1.140000
857  1.400000
858  1.680000
859  1.960000
860  2.260000
861  2.540000
862  2.800000
863  3.060000
864  3.280000
865  3.460000
866  3.620000
867  3.740000
868  3.800000
869  3.860000
870  3.820000
871  3.760000
872  3.640000
873  3.480000
874  3.300000
875  3.060000
876  2.800000
877  2.540000
878  2.260000
879  1.960000
880  1.680000
881  1.440000
882  1.160000
883  0.920000
884  0.720000
885  0.540000
886  0.400000
887  0.320000
888  0.280000
889  0.280000
890  0.320000
891  0.420000
892  0.580000
893  0.740000
894  0.960000
895  1.200000
896  1.440000
897  1.740000
898  2.020000
899  2.320000
900  2.560000
901  2.840000
902  3.100000
903  3.320000
904  3.500000
905  3.660000
906  3.760000
907  3.820000
908  3.840000
909  3.800000
910  3.740000
911  3.600000
912  3.460000
913  3.260000
914  3.040000
915  2.780000
916  2.500000
917  2.220000
918  1.900000
919  1.640000
920  1.380000
921  1.120000
922  0.900000
923  0.700000
924  0.520000
925  0.400000
926  0.300000
927  0.260000
928  0.280000
929  0.340000
930  0.440000
931  0.580000
932  0.780000
933  1.000000
934  1.240000
935  1.520000
936  1.760000
937  2.060000
938  2.360000
939  2.620000
940  2.880000
941  3.140000
942  3.340000
943  3.520000
944  3.660000
945  3.780000
946  3.820000
947  3.840000
948  3.800000
949  3.720000
950  3.600000
951  3.420000
952  3.220000
953  2.980000
954  2.720000
955  2.460000
956  2.180000
957  1.880000
958  1.600000
959  1.320000
960  1.080000
961  0.860000
962  0.640000
963  0.500000
964  0.380000
965  0.300000
966  0.240000
967  0.260000
968  0.360000
969  0.460000
970  0.600000
971  0.820000
972  1.040000
973  1.260000
974  1.540000
975  1.820000
976  2.120000
977  2.400000
978  2.660000
979  2.940000
980  3.160000
981  3.380000
982  3.560000
983  3.700000
984  3.780000
985  3.820000
986  3.840000
987  3.800000
988  3.700000
989  3.560000
990  3.380000
991  3.180000
992  2.940000
993  2.700000
994  2.420000
995  2.120000
996  1.840000
997  1.560000
998  1.280000
999  1.040000
1000  0.820000
1001  0.600000
1002  0.460000
1003  0.340000
1004  0.300000
1005  0.260000
1006  0.300000
1007  0.380000
1008  0.500000
1009  0.660000
1010  0.820000
1011  1.080000
1012  1.320000
1013  1.580000
1014  1.880000
1015  2.180000
1016  2.460000
1017  2.720000
1018  2.960000
1019  3.200000
1020  3.400000
1021  3.580000
1022  3.700000
1023  3.780000
1024  3.840000
1025  3.820000
1026  3.780000
1027  3.680000
1028  3.540000
1029  3.360000
1030  3.160000
1031  2.900000
1032  2.640000
1033  2.360000
1034  2.080000
1035  1.800000
1036  1.500000
1037  1.260000
1038  1.000000
1039  0.780000
1040  0.600000
1041  0.440000
1042  0.340000
1043  0.280000
1044  0.260000
1045  0.300000
1046  0.380000
1047  0.520000
1048  0.680000
1049  0.880000
1050  1.120000
1051  1.360000
1052  1.640000
1053  1.900000
1054  2.200000
1055  2.500000
1056  2.760000
1057  3.020000
1058  3.240000
1059  3.440000
1060  3.600000
1061  3.720000
1062  3.800000
1063  3.840000
1064  3.800000
1065  3.760000
1066  3.640000
1067  3.500000
1068  3.340000
1069  3.120000
1070  2.860000
1071  2.600000
1072  2.320000
1073  2.020000
1074  1.720000
1075  1.460000
1076  1.200000
1077  0.960000
1078  0.740000
1079  0.560000
1080  0.440000
1081  0.320000
1082  0.260000
1083  0.260000
1084  0.300000
1085  0.400000
1086  0.540000
1087  0.700000
1088  0.920000
1089  1.160000
1090  1.420000
1091  1.680000
1092  1.960000
1093  2.260000
1094  2.540000
1095  2.800000
1096  3.060000
1097  3.280000
1098  3.460000
1099  3.620000
1100  3.740000
1101  3.820000
1102  3.840000
1103  3.820000
1104  3.760000
1105  3.640000
1106  3.480000
1107  3.300000
1108  3.060000
1109  2.820000
1110  2.540000
1111  2.260000
1112  1.980000
1113  1.700000
1114  1.420000
1115  1.140000
1116  0.920000
1117  0.720000
1118  0.520000
1119  0.400000
1120  0.300000
1121  0.260000
1122  0.280000
1123  0.320000
1124  0.440000
1125  0.560000
1126  0.740000
1127  0.940000
1128  1.180000
1129  1.460000
1130  1.720000
1131  2.020000
1132  2.300000
1133  2.580000
1134  2.840000
1135  3.100000
1136  3.320000
1137  3.500000
1138  3.640000
1139  3.760000
1140  3.820000
1141  3.840000
1142  3.800000
1143  3.720000
1144  3.620000
1145  3.460000
1146  3.260000
1147  3.020000
1148  2.780000
1149  2.500000
1150  2.220000
1151  1.920000
1152  1.660000
1153  1.360000
1154  1.120000
1155  0.880000
1156  0.680000
1157  0.520000
1158  0.380000
1159  0.300000
1160  0.260000
1161  0.280000
1162  0.340000
1163  0.440000
1164  0.600000
1165  0.800000
1166  0.980000
1167  1.240000
1168  1.500000
1169  1.760000
1170  2.060000
1171  2.340000
1172  2.640000
1173  2.900000
1174  3.140000
1175  3.340000
1176  3.520000
1177  3.660000
1178  3.760000
1179  3.820000
1180  3.840000
1181  3.800000
1182  3.720000
1183  3.600000
1184  3.420000
1185  3.220000
1186  2.980000
1187  2.740000
1188  2.460000
1189  2.180000
1190  1.900000
1191  1.600000
1192  1.340000
1193  1.080000
1194  0.860000
1195  0.660000
1196  0.480000
1197  0.380000
1198  0.300000
1199  0.240000
1200  0.300000
1201  0.340000
1202  0.460000
1203  0.620000
1204  0.800000
1205  1.040000
1206  1.280000
1207  1.540000
1208  1.820000
1209  2.100000
1210  2.400000
1211  2.660000
1212  2.920000
1213  3.160000
1214  3.380000
1215  3.560000
1216  3.680000
1217  3.780000
1218  3.820000
1219  3.820000
1220  3.780000
1221  3.680000
1222  3.540000
1223  3.400000
1224  3.180000
1225  2.960000
1226  2.680000
1227  2.420000
1228  2.100000
1229  1.840000
1230  1.560000
1231  1.260000
1232  1.020000
1233  0.820000
1234  0.620000
1235  0.460000
1236  0.360000
1237  0.280000
1238  0.260000
1239  0.300000
1240  0.380000
1241  0.500000
1242  0.640000
1243  0.840000
1244  1.080000
1245  1.320000
1246  1.580000
1247  1.860000
1248  2.160000
1249  2.440000
1250  2.700000
1251  2.980000
1252  3.200000
1253  3.420000
1254  3.560000
1255  3.700000
1256  3.800000
1257  3.840000
1258  3.820000
1259  3.780000
1260  3.660000
1261  3.540000
1262  3.340000
1263  3.160000
1264  2.920000
1265  2.640000
1266  2.380000
1267  2.080000
1268  1.780000
1269  1.520000
1270  1.240000
1271  1.000000
1272  0.780000
1273  0.600000
1274  0.460000
1275  0.340000
1276  0.280000
1277  0.240000
1278  0.300000
1279  0.380000
1280  0.500000
1281  0.680000
1282  0.880000
1283  1.120000
1284  1.380000
1285  1.620000
1286  1.900000
1287  2.200000
1288  2.480000
1289  2.760000
1290  3.000000
1291  3.220000
1292  3.440000
1293  3.600000
1294  3.720000
1295  3.800000
1296  3.840000
1297  3.820000
1298  3.760000
1299  3.660000
1300  3.500000
1301  3.320000
1302  3.120000
1303  2.860000
1304  2.600000
1305  2.340000
1306  2.040000
1307  1.740000
1308  1.460000
1309  1.200000
1310  0.960000
1311  0.740000
1312  0.580000
1313  0.420000
1314  0.320000
1315  0.280000
1316  0.260000
1317  0.300000
1318  0.400000
1319  0.520000
1320  0.720000
1321  0.920000
1322  1.160000
1323  1.420000
1324  1.680000
1325  1.940000
1326  2.240000
1327  2.540000
1328  2.800000
1329  3.040000
1330  3.280000
1331  3.460000
1332  3.620000
1333  3.740000
1334  3.800000
1335  3.840000
1336  3.820000
1337  3.760000
1338  3.640000
1339  3.480000
1340  3.300000
1341  3.080000
1342  2.820000
1343  2.540000
1344  2.260000
1345  1.980000
1346  1.700000
1347  1.400000
1348  1.140000
1349  0.920000
1350  0.720000
1351  0.540000
1352  0.400000
1353  0.320000
1354  0.260000
1355  0.260000
1356  0.340000
1357  0.420000
1358  0.560000
1359  0.740000
1360  0.960000
1361  1.200000
1362  1.460000
1363  1.720000
1364  2.020000
1365  2.300000
1366  2.580000
1367  2.800000
1368  3.060000
1369  3.300000
1370  3.500000
1371  3.660000
1372  3.740000
1373  3.820000
1374  3.840000
1375  3.800000
1376  3.740000
1377  3.620000
1378  3.460000
1379  3.260000
1380  3.040000
1381  2.800000
1382  2.520000
1383  2.220000
1384  1.940000
1385  1.640000
1386  1.360000
1387  1.100000
1388  0.860000
1389  0.680000
1390  0.520000
1391  0.400000
1392  0.300000
1393  0.260000
1394  0.260000
1395  0.340000
1396  0.440000
1397  0.600000
1398  0.760000
1399  1.000000
1400  1.220000
1401  1.480000
1402  1.780000
1403  2.060000
1404  2.360000
1405  2.620000
1406  2.880000
1407  3.120000
1408  3.320000
1409  3.520000
1410  3.660000
1411  3.760000
1412  3.820000
1413  3.840000
1414  3.800000
1415  3.720000
1416  3.580000
1417  3.440000
1418  3.220000
1419  3.000000
1420  2.740000
1421  2.460000
1422  2.200000
1423  1.900000
1424  1.600000
1425  1.340000
1426  1.060000
1427  0.860000
1428  0.660000
1429  0.480000
1430  0.380000
1431  0.280000
1432  0.260000
1433  0.280000
1434  0.340000
1435  0.460000
1436  0.600000
1437  0.820000
1438  1.040000
1439  1.260000
1440  1.540000
1441  1.800000
1442  2.100000
1443  2.380000
1444  2.640000
1445  2.920000
1446  3.160000
1447  3.380000
1448  3.540000
1449  3.660000
1450  3.780000
1451  3.820000
1452  3.840000
1453  3.780000
1454  3.700000
1455  3.580000
1456  3.400000
1457  3.180000
1458  2.960000
1459  2.700000
1460  2.400000
1461  2.140000
1462  1.840000
1463  1.560000
1464  1.280000
1465  1.040000
1466  0.800000
1467  0.620000
1468  0.480000
1469  0.360000
1470  0.300000
1471  0.260000
1472  0.280000
1473  0.360000
1474  0.480000
1475  0.640000
1476  0.820000
1477  1.080000
1478  1.320000
1479  1.580000
1480  1.860000
1481  2.160000
1482  2.440000
1483  2.720000
1484  2.960000
1485  3.200000
1486  3.400000
1487  3.580000
1488  3.720000
1489  3.800000
1490  3.820000
1491  3.820000
1492  3.780000
1493  3.680000
1494  3.540000
1495  3.360000
1496  3.160000
1497  2.920000
1498  2.660000
1499  2.380000
1500  2.100000
1501  1.800000
1502  1.500000
1503  1.240000
1504  1.000000
1505  0.780000
1506  0.600000
1507  0.440000
1508  0.340000
1509  0.280000
1510  0.260000
1511  0.300000
1512  0.380000
1513  0.500000
1514  0.680000
1515  0.860000
1516  1.120000
1517  1.360000
1518  1.620000
1519  1.900000
1520  2.200000
1521  2.480000
1522  2.760000
1523  3.020000
1524  3.240000
1525  3.420000
1526  3.600000
1527  3.720000
1528  3.800000
1529  3.840000
1530  3.820000
1531  3.780000
1532  3.680000
1533  3.500000
1534  3.300000
1535  3.120000
1536  2.860000
1537  2.600000
1538  2.320000
1539  2.040000
1540  1.740000
1541  1.480000
1542  1.200000
1543  0.920000
1544  0.740000
1545  0.580000
1546  0.420000
1547  0.340000
1548  0.260000
1549  0.260000
1550  0.320000
1551  0.400000
1552  0.540000
1553  0.700000
1554  0.920000
1555  1.160000
1556  1.400000
1557  1.680000
1558  1.940000
1559  2.240000
1560  2.500000
1561  2.800000
1562  3.060000
1563  3.280000
1564  3.460000
1565  3.620000
1566  3.720000
1567  3.820000
1568  3.840000
1569  3.820000
1570  3.760000
1571  3.640000
1572  3.500000
1573  3.300000
1574  3.080000
1575  2.840000
1576  2.560000
1577  2.280000
1578  1.940000
1579  1.700000
1580  1.400000
1581  1.160000
1582  0.920000
1583  0.720000
1584  0.540000
1585  0.420000
1586  0.320000
1587  0.260000
1588  0.280000
1589  0.320000
1590  0.440000
1591  0.560000
1592  0.740000
1593  0.940000
1594  1.200000
1595  1.460000
1596  1.720000
1597  2.000000
1598  2.300000
1599  2.540000
1600  2.840000
1601  3.080000
1602  3.300000
1603  3.500000
1604  3.640000
1605  3.760000
1606  3.820000
1607  3.860000
1608  3.820000
1609  3.720000
1610  3.620000
1611  3.460000
1612  3.260000
1613  3.040000
1614  2.780000
1615  2.500000
1616  2.220000
1617  1.940000
1618  1.660000
1619  1.380000
1620  1.120000
1621  0.880000
1622  0.680000
1623  0.520000
1624  0.360000
1625  0.300000
1626  0.260000
1627  0.280000
1628  0.340000
1629  0.440000
1630  0.580000
1631  0.780000
1632  1.000000
1633  1.240000
1634  1.500000
1635  1.780000
1636  2.060000
1637  2.340000
1638  2.620000
1639  2.860000
1640  3.120000
1641  3.340000
1642  3.520000
1643  3.660000
1644  3.780000
1645  3.820000
1646  3.840000
1647  3.800000
1648  3.720000
1649  3.600000
1650  3.440000
1651  3.240000
1652  3.000000
1653  2.740000
1654  2.480000
1655  2.180000
1656  1.880000
1657  1.620000
1658  1.320000
1659  1.080000
1660  0.840000
1661  0.660000
1662  0.500000
1663  0.380000
1664  0.280000
1665  0.240000
1666  0.280000
1667  0.360000
1668  0.460000
1669  0.620000
1670  0.800000
1671  1.040000
1672  1.280000
1673  1.540000
1674  1.820000
1675  2.100000
1676  2.380000
1677  2.660000
1678  2.920000
1679  3.160000
1680  3.380000
1681  3.540000
1682  3.680000
1683  3.800000
1684  3.820000
1685  3.840000
1686  3.780000
1687  3.720000
1688  3.560000
1689  3.400000
1690  3.180000
1691  2.960000
1692  2.700000
1693  2.420000
1694  2.140000
1695  1.840000
1696  1.560000
1697  1.260000
1698  1.040000
1699  0.800000
1700  0.620000
1701  0.460000
1702  0.360000
1703  0.300000
1704  0.260000
1705  0.300000
1706  0.360000
1707  0.480000
1708  0.660000
1709  0.840000
1710  1.060000
1711  1.320000
1712  1.580000
1713  1.860000
1714  2.160000
1715  2.440000
1716  2.700000
1717  2.960000
1718  3.200000
1719  3.400000
1720  3.560000
1721  3.700000
1722  3.780000
1723  3.820000
1724  3.820000
1725  3.780000
1726  3.660000
1727  3.540000
1728  3.380000
1729  3.160000
1730  2.900000
1731  2.660000
1732  2.380000
1733  2.100000
1734  1.800000
1735  1.520000
1736  1.260000
1737  1.000000
1738  0.800000
1739  0.580000
1740  0.460000
1741  0.340000
1742  0.280000
1743  0.260000
1744  0.300000
1745  0.380000
1746  0.520000
1747  0.660000
1748  0.880000
1749  1.100000
1750  1.360000
1751  1.640000
1752  1.900000
1753  2.200000
1754  2.480000
1755  2.740000
1756  3.020000
1757  3.240000
1758  3.440000
1759  3.580000
1760  3.720000
1761  3.800000
1762  3.840000
1763  3.820000
1764  3.780000
1765  3.660000
1766  3.520000
1767  3.340000
1768  3.120000
1769  2.880000
1770  2.600000
1771  2.340000
1772  2.040000
1773  1.740000
1774  1.480000
1775  1.200000
1776  0.960000
1777  0.740000
1778  0.580000
1779  0.440000
1780  0.320000
1781  0.260000
1782  0.260000
1783  0.300000
1784  0.400000
1785  0.520000
1786  0.700000
1787  0.920000
1788  1.140000
1789  1.420000
1790  1.680000
1791  1.960000
1792  2.240000
1793  2.520000
1794  2.780000
1795  3.040000
1796  3.280000
1797  3.480000
1798  3.620000
1799  3.740000
1800  3.800000
1801  3.840000
1802  3.820000
1803  3.760000
1804  3.620000
1805  3.480000
1806  3.300000
1807  3.080000
1808  2.840000
1809  2.560000
1810  2.300000
1811  2.000000
1812  1.700000
1813  1.400000
1814  1.140000
1815  0.900000
1816  0.700000
1817  0.540000
1818  0.400000
1819  0.320000
1820  0.260000
1821  0.260000
1822  0.320000
1823  0.420000
1824  0.560000
1825  0.740000
1826  0.940000
1827  1.180000
1828  1.460000
1829  1.740000
1830  2.000000
1831  2.300000
1832  2.560000
1833  2.840000
1834  3.080000
1835  3.300000
1836  3.480000
1837  3.640000
1838  3.760000
1839  3.820000
1840  3.840000
1841  3.820000
1842  3.740000
1843  3.620000
1844  3.460000
1845  3.280000
1846  3.040000
1847  2.780000
1848  2.520000
1849  2.220000
1850  1.960000
1851  1.660000
1852  1.380000
1853  1.140000
1854  0.880000
1855  0.680000
1856  0.520000
1857  0.400000
1858  0.300000
1859  0.260000
1860  0.280000
1861  0.340000
1862  0.440000
1863  0.580000
1864  0.760000
1865  0.960000
1866  1.220000
1867  1.480000
1868  1.780000
1869  2.060000
1870  2.340000
1871  2.620000
1872  2.860000
1873  3.120000
1874  3.340000
1875  3.500000
1876  3.660000
1877  3.760000
1878  3.820000
1879  3.860000
1880  3.800000
1881  3.720000
1882  3.600000
1883  3.440000
1884  3.240000
1885  3.000000
1886  2.760000
1887  2.460000
1888  2.200000
1889  1.900000
1890  1.600000
1891  1.360000
1892  1.080000
1893  0.840000
1894  0.660000
1895  0.500000
1896  0.380000
1897  0.300000
1898  0.260000
1899  0.280000
1900  0.340000
1901  0.460000
1902  0.600000
1903  0.780000
1904  1.040000
1905  1.260000
1906  1.540000
1907  1.800000
1908  2.100000
1909  2.380000
1910  2.660000
1911  2.920000
1912  3.160000
1913  3.340000
1914  3.540000
1915  3.660000
1916  3.800000
1917  3.840000
1918  3.840000
1919  3.800000
1920  3.700000
1921  3.580000
1922  3.400000
1923  3.160000
1924  2.960000
1925  2.700000
1926  2.440000
1927  2.160000
1928  1.860000
1929  1.580000
1930  1.300000
1931  1.040000
1932  0.800000
1933  0.600000
1934  0.460000
1935  0.360000
1936  0.280000
1937  0.240000
1938  0.280000
1939  0.380000
1940  0.480000
1941  0.640000
1942  0.820000
1943  1.060000
1944  1.320000
1945  1.580000
1946  1.860000
1947  2.160000
1948  2.420000
1949  2.700000
1950  2.960000
1951  3.180000
1952  3.400000
1953  3.540000
1954  3.700000
1955  3.780000
1956  3.820000
1957  3.820000
1958  3.780000
1959  3.680000
1960  3.540000
1961  3.360000
1962  3.180000
1963  2.920000
1964  2.660000
1965  2.400000
1966  2.100000
1967  1.820000
1968  1.520000
1969  1.240000
1970  1.020000
1971  0.760000
1972  0.580000
1973  0.460000
1974  0.340000
1975  0.300000
1976  0.260000
1977  0.300000
1978  0.380000
1979  0.500000
1980  0.680000
1981  0.860000
1982  1.100000
1983  1.360000
1984  1.600000
1985  1.900000
1986  2.200000
1987  2.480000
1988  2.760000
1989  2.980000
1990  3.220000
1991  3.420000
1992  3.580000
1993  3.720000
1994  3.800000
1995  3.840000
1996  3.820000
1997  3.740000
1998  3.680000
1999  3.520000
2000  3.340000
2001  3.120000
2002  2.860000
2003  2.620000
2004  2.340000
2005  2.060000
2006  1.760000
2007  1.480000
2008  1.220000
2009  0.980000
2010  0.760000
2011  0.580000
2012  0.440000
2013  0.300000
2014  0.260000
2015  0.240000
2016  0.300000
2017  0.380000
2018  0.540000
2019  0.700000
2020  0.900000
2021  1.160000
2022  1.400000
2023  1.660000
2024  1.960000
2025  2.220000
2026  2.520000
2027  2.760000
2028  3.040000
2029  3.280000
2030  3.460000
2031  3.620000
2032  3.720000
2033  3.800000
2034  3.840000
2035  3.820000
2036  3.760000
2037  3.640000
2038  3.500000
2039  3.320000
2040  3.080000
2041  2.840000
2042  2.560000
2043  2.300000
2044  2.000000
2045  1.700000
2046  1.440000
2047  1.160000
2048  0.000000
