Nama File =sin5H_500.dat
Time Samplig =0.0020
1  3.620000
2  2.080000
3  0.300000
4  0.960000
5  1.060000
6  1.140000
7  1.240000
8  1.340000
9  1.460000
10  1.560000
11  1.640000
12  1.780000
13  1.900000
14  2.000000
15  2.120000
16  2.220000
17  2.320000
18  2.440000
19  2.540000
20  2.640000
21  2.760000
22  2.860000
23  2.960000
24  3.060000
25  3.140000
26  3.220000
27  3.320000
28  3.380000
29  3.460000
30  3.520000
31  3.600000
32  3.640000
33  3.700000
34  3.740000
35  3.760000
36  3.780000
37  3.820000
38  3.820000
39  3.820000
40  3.840000
41  3.820000
42  0.300000
43  3.800000
44  3.780000
45  3.740000
46  3.700000
47  3.640000
48  3.600000
49  3.520000
50  3.460000
51  3.400000
52  3.340000
53  3.240000
54  3.140000
55  3.040000
56  2.960000
57  2.860000
58  2.760000
59  2.660000
60  2.540000
61  2.460000
62  2.320000
63  2.220000
64  2.100000
65  2.000000
66  1.860000
67  1.760000
68  1.660000
69  1.540000
70  1.440000
71  1.320000
72  1.240000
73  1.140000
74  1.040000
75  0.940000
76  0.840000
77  0.760000
78  0.700000
79  0.620000
80  0.560000
81  0.500000
82  0.420000
83  0.400000
84  0.360000
85  0.320000
86  0.280000
87  0.260000
88  0.260000
89  0.260000
90  0.260000
91  0.240000
92  0.280000
93  0.340000
94  0.360000
95  0.380000
96  0.400000
97  0.460000
98  0.540000
99  0.580000
100  0.660000
101  0.700000
102  0.800000
103  0.920000
104  1.000000
105  1.100000
106  1.180000
107  1.280000
108  1.380000
109  1.480000
110  1.580000
111  1.700000
112  1.800000
113  1.920000
114  2.040000
115  2.160000
116  2.260000
117  2.380000
118  2.480000
119  2.580000
120  2.660000
121  2.800000
122  2.900000
123  3.000000
124  3.080000
125  3.180000
126  3.260000
127  3.340000
128  3.400000
129  3.480000
130  3.540000
131  3.600000
132  3.640000
133  3.700000
134  3.720000
135  3.780000
136  3.820000
137  3.820000
138  3.840000
139  3.840000
140  3.860000
141  3.820000
142  3.820000
143  3.780000
144  3.760000
145  3.740000
146  3.680000
147  3.620000
148  3.560000
149  3.500000
150  3.440000
151  3.380000
152  3.280000
153  3.200000
154  3.120000
155  3.020000
156  2.920000
157  2.820000
158  2.720000
159  2.640000
160  2.500000
161  2.400000
162  2.300000
163  2.180000
164  2.080000
165  1.960000
166  1.820000
167  1.680000
168  1.620000
169  1.520000
170  1.400000
171  1.260000
172  1.200000
173  1.120000
174  1.000000
175  0.920000
176  0.800000
177  0.740000
178  0.680000
179  0.600000
180  0.540000
181  0.460000
182  0.440000
183  0.380000
184  0.340000
185  0.320000
186  0.280000
187  0.260000
188  0.240000
189  0.260000
190  0.260000
191  0.260000
192  0.300000
193  0.320000
194  0.360000
195  0.400000
196  0.440000
197  0.500000
198  0.540000
199  0.600000
200  0.680000
201  0.760000
202  0.840000
203  0.940000
204  1.020000
205  1.120000
206  1.220000
207  1.320000
208  1.420000
209  1.520000
210  1.640000
211  1.740000
212  1.840000
213  1.960000
214  2.080000
215  2.200000
216  2.300000
217  2.400000
218  2.520000
219  2.620000
220  2.720000
221  2.860000
222  2.900000
223  3.040000
224  3.120000
225  3.220000
226  3.280000
227  3.320000
228  3.420000
229  3.500000
230  3.560000
231  3.620000
232  3.660000
233  3.720000
234  3.760000
235  3.800000
236  3.800000
237  3.820000
238  3.840000
239  3.840000
240  3.820000
241  3.820000
242  3.800000
243  3.780000
244  3.760000
245  3.700000
246  3.660000
247  3.600000
248  3.560000
249  3.500000
250  3.400000
251  3.340000
252  3.260000
253  3.180000
254  3.100000
255  2.980000
256  2.880000
257  2.800000
258  2.680000
259  2.600000
260  2.460000
261  2.360000
262  2.220000
263  2.140000
264  2.040000
265  1.900000
266  1.800000
267  1.680000
268  1.580000
269  1.480000
270  1.380000
271  1.260000
272  1.160000
273  1.060000
274  0.960000
275  0.900000
276  0.800000
277  0.700000
278  0.640000
279  0.560000
280  0.520000
281  0.460000
282  0.400000
283  0.360000
284  0.340000
285  0.300000
286  0.280000
287  0.240000
288  0.240000
289  0.240000
290  0.260000
291  0.300000
292  0.280000
293  0.320000
294  0.380000
295  0.420000
296  0.480000
297  0.500000
298  0.580000
299  0.640000
300  0.720000
301  0.780000
302  0.860000
303  0.960000
304  1.060000
305  1.160000
306  1.260000
307  1.340000
308  1.460000
309  1.580000
310  1.680000
311  1.780000
312  1.880000
313  2.000000
314  2.140000
315  2.240000
316  2.340000
317  2.460000
318  2.560000
319  2.660000
320  2.780000
321  2.860000
322  2.960000
323  3.040000
324  3.160000
325  3.220000
326  3.320000
327  3.400000
328  3.460000
329  3.520000
330  3.580000
331  3.640000
332  3.700000
333  3.740000
334  3.760000
335  3.800000
336  3.820000
337  3.820000
338  3.860000
339  3.840000
340  3.820000
341  3.800000
342  3.820000
343  3.780000
344  3.740000
345  3.700000
346  3.660000
347  3.600000
348  3.520000
349  3.440000
350  3.380000
351  3.320000
352  3.220000
353  3.140000
354  3.040000
355  2.960000
356  2.860000
357  2.740000
358  2.640000
359  2.540000
360  2.420000
361  2.320000
362  2.200000
363  2.080000
364  1.980000
365  1.880000
366  1.760000
367  1.620000
368  1.500000
369  1.420000
370  1.340000
371  1.220000
372  1.100000
373  1.000000
374  0.940000
375  0.860000
376  0.780000
377  0.680000
378  0.580000
379  0.560000
380  0.500000
381  0.440000
382  0.360000
383  0.340000
384  0.320000
385  0.300000
386  0.280000
387  0.240000
388  0.240000
389  0.260000
390  0.280000
391  0.280000
392  0.300000
393  0.340000
394  0.400000
395  0.420000
396  0.480000
397  0.520000
398  0.600000
399  0.680000
400  0.740000
401  0.820000
402  0.900000
403  0.960000
404  1.120000
405  1.200000
406  1.280000
407  1.380000
408  1.500000
409  1.600000
410  1.700000
411  1.820000
412  1.940000
413  2.060000
414  2.140000
415  2.280000
416  2.400000
417  2.500000
418  2.600000
419  2.700000
420  2.800000
421  2.900000
422  3.020000
423  3.100000
424  3.200000
425  3.260000
426  3.360000
427  3.420000
428  3.480000
429  3.540000
430  3.600000
431  3.660000
432  3.720000
433  3.740000
434  3.780000
435  3.800000
436  3.820000
437  3.820000
438  0.300000
439  3.840000
440  3.820000
441  3.800000
442  3.780000
443  3.760000
444  3.720000
445  3.680000
446  3.620000
447  3.560000
448  3.500000
449  3.440000
450  3.360000
451  3.280000
452  3.180000
453  3.100000
454  3.020000
455  2.920000
456  2.820000
457  2.700000
458  2.600000
459  2.500000
460  2.400000
461  2.280000
462  2.160000
463  2.000000
464  1.940000
465  1.820000
466  1.700000
467  1.580000
468  1.500000
469  1.380000
470  1.300000
471  1.180000
472  1.080000
473  0.960000
474  0.900000
475  0.820000
476  0.740000
477  0.660000
478  0.580000
479  0.520000
480  0.460000
481  0.420000
482  0.360000
483  0.320000
484  0.320000
485  0.280000
486  0.280000
487  0.260000
488  0.240000
489  0.260000
490  0.260000
491  0.300000
492  0.300000
493  0.340000
494  0.400000
495  0.460000
496  0.520000
497  0.560000
498  0.620000
499  0.700000
500  0.780000
501  0.860000
502  0.940000
503  1.020000
504  1.140000
505  1.240000
506  1.340000
507  1.420000
508  1.540000
509  1.640000
510  1.760000
511  1.860000
512  1.980000
513  2.080000
514  2.200000
515  2.320000
516  2.440000
517  2.520000
518  2.620000
519  2.740000
520  2.840000
521  2.940000
522  3.020000
523  3.140000
524  3.220000
525  3.300000
526  3.380000
527  3.460000
528  3.500000
529  3.580000
530  3.620000
531  3.680000
532  3.720000
533  3.760000
534  3.800000
535  3.800000
536  3.820000
537  3.840000
538  3.860000
539  3.840000
540  3.820000
541  3.800000
542  3.760000
543  3.720000
544  3.720000
545  3.660000
546  3.600000
547  3.540000
548  3.480000
549  3.400000
550  3.320000
551  3.260000
552  3.160000
553  3.060000
554  2.980000
555  2.860000
556  2.780000
557  2.680000
558  2.540000
559  2.460000
560  2.340000
561  2.220000
562  2.140000
563  2.020000
564  1.880000
565  1.780000
566  1.680000
567  1.580000
568  1.460000
569  1.340000
570  1.240000
571  1.140000
572  1.060000
573  0.940000
574  0.860000
575  0.780000
576  0.720000
577  0.640000
578  0.560000
579  0.500000
580  0.460000
581  0.380000
582  0.360000
583  0.300000
584  0.300000
585  0.300000
586  0.240000
587  0.240000
588  0.240000
589  0.260000
590  0.280000
591  0.300000
592  0.320000
593  0.360000
594  0.420000
595  0.480000
596  0.540000
597  0.580000
598  0.620000
599  0.720000
600  0.820000
601  0.880000
602  0.980000
603  1.080000
604  1.160000
605  1.260000
606  1.380000
607  1.480000
608  1.580000
609  1.680000
610  1.800000
611  1.900000
612  2.000000
613  2.120000
614  2.240000
615  2.360000
616  2.460000
617  2.560000
618  2.680000
619  2.760000
620  2.880000
621  2.960000
622  3.080000
623  3.180000
624  3.240000
625  3.340000
626  3.380000
627  3.480000
628  3.500000
629  3.580000
630  3.640000
631  3.700000
632  3.740000
633  3.780000
634  3.800000
635  3.820000
636  3.840000
637  3.840000
638  3.820000
639  3.820000
640  3.800000
641  3.780000
642  3.780000
643  3.720000
644  3.680000
645  3.640000
646  3.580000
647  3.520000
648  3.440000
649  3.380000
650  3.300000
651  3.200000
652  3.140000
653  3.040000
654  2.940000
655  2.840000
656  2.760000
657  2.620000
658  2.520000
659  2.400000
660  2.300000
661  2.200000
662  2.080000
663  1.960000
664  1.840000
665  1.740000
666  1.640000
667  1.520000
668  1.420000
669  1.280000
670  1.220000
671  1.100000
672  1.000000
673  0.900000
674  0.840000
675  0.760000
676  0.680000
677  0.600000
678  0.520000
679  0.480000
680  0.440000
681  0.360000
682  0.340000
683  0.300000
684  0.280000
685  0.280000
686  0.260000
687  0.260000
688  0.240000
689  0.260000
690  0.300000
691  0.340000
692  0.360000
693  0.400000
694  0.420000
695  0.500000
696  0.560000
697  0.620000
698  0.680000
699  0.760000
700  0.840000
701  0.920000
702  1.040000
703  1.100000
704  1.200000
705  1.300000
706  1.420000
707  1.520000
708  1.620000
709  1.720000
710  1.840000
711  1.940000
712  2.060000
713  2.160000
714  2.280000
715  2.400000
716  2.520000
717  2.620000
718  2.720000
719  2.820000
720  2.920000
721  3.020000
722  3.100000
723  3.180000
724  3.280000
725  3.360000
726  3.460000
727  3.500000
728  3.560000
729  3.620000
730  3.680000
731  3.720000
732  3.760000
733  3.780000
734  3.820000
735  3.840000
736  3.860000
737  3.880000
738  3.820000
739  3.820000
740  3.800000
741  3.760000
742  3.760000
743  3.700000
744  3.680000
745  3.620000
746  3.540000
747  3.500000
748  3.440000
749  3.340000
750  3.260000
751  3.180000
752  3.080000
753  3.000000
754  2.900000
755  2.820000
756  2.700000
757  2.600000
758  2.480000
759  2.380000
760  2.260000
761  2.120000
762  2.020000
763  1.920000
764  1.800000
765  1.680000
766  1.580000
767  1.480000
768  1.380000
769  1.260000
770  1.180000
771  1.060000
772  0.980000
773  0.880000
774  0.800000
775  0.720000
776  0.660000
777  0.600000
778  0.520000
779  0.460000
780  0.400000
781  0.360000
782  0.340000
783  0.280000
784  0.280000
785  0.280000
786  0.260000
787  0.260000
788  0.260000
789  0.260000
790  0.300000
791  0.340000
792  0.380000
793  0.400000
794  0.440000
795  0.520000
796  0.580000
797  0.640000
798  0.700000
799  0.780000
800  0.860000
801  0.960000
802  1.040000
803  1.140000
804  1.220000
805  1.360000
806  1.460000
807  1.560000
808  1.620000
809  1.760000
810  1.880000
811  2.000000
812  2.100000
813  2.220000
814  2.320000
815  2.440000
816  2.540000
817  2.660000
818  2.740000
819  2.840000
820  2.960000
821  3.040000
822  3.120000
823  3.240000
824  3.320000
825  3.400000
826  3.460000
827  3.520000
828  3.580000
829  3.640000
830  3.680000
831  3.700000
832  3.760000
833  3.800000
834  3.820000
835  3.840000
836  3.840000
837  3.860000
838  3.840000
839  3.820000
840  3.800000
841  3.760000
842  3.740000
843  3.700000
844  3.660000
845  3.600000
846  3.520000
847  3.480000
848  3.400000
849  3.320000
850  3.240000
851  3.140000
852  3.060000
853  2.980000
854  2.820000
855  2.760000
856  2.660000
857  2.540000
858  2.440000
859  2.340000
860  2.220000
861  2.100000
862  2.000000
863  1.880000
864  1.760000
865  1.660000
866  1.560000
867  1.460000
868  1.340000
869  1.220000
870  1.140000
871  1.040000
872  0.940000
873  0.840000
874  0.740000
875  0.700000
876  0.620000
877  0.560000
878  0.500000
879  0.440000
880  0.400000
881  0.360000
882  0.320000
883  0.300000
884  0.260000
885  0.260000
886  0.260000
887  0.260000
888  0.280000
889  0.280000
890  0.300000
891  0.340000
892  0.380000
893  0.420000
894  0.460000
895  0.520000
896  0.600000
897  0.660000
898  0.740000
899  0.820000
900  0.900000
901  1.000000
902  1.080000
903  1.180000
904  1.260000
905  1.380000
906  1.500000
907  1.620000
908  1.700000
909  1.820000
910  1.920000
911  2.020000
912  2.160000
913  2.280000
914  2.380000
915  2.480000
916  2.600000
917  2.680000
918  2.800000
919  2.900000
920  2.980000
921  3.080000
922  3.180000
923  3.260000
924  3.320000
925  3.400000
926  3.500000
927  3.560000
928  3.600000
929  3.660000
930  3.700000
931  3.740000
932  3.780000
933  3.800000
934  3.820000
935  0.300000
936  3.860000
937  3.860000
938  3.820000
939  3.820000
940  3.780000
941  3.760000
942  3.720000
943  3.680000
944  3.600000
945  3.580000
946  3.520000
947  3.460000
948  3.380000
949  3.280000
950  3.220000
951  3.120000
952  3.000000
953  2.920000
954  2.820000
955  2.740000
956  2.640000
957  2.500000
958  2.400000
959  2.280000
960  2.180000
961  2.080000
962  1.940000
963  1.840000
964  1.720000
965  1.600000
966  1.520000
967  1.420000
968  1.300000
969  1.200000
970  1.060000
971  1.000000
972  0.900000
973  0.820000
974  0.720000
975  0.660000
976  0.580000
977  0.540000
978  0.480000
979  0.420000
980  0.380000
981  0.340000
982  0.280000
983  0.280000
984  0.260000
985  0.240000
986  0.240000
987  0.260000
988  0.280000
989  0.300000
990  0.300000
991  0.340000
992  0.400000
993  0.460000
994  0.500000
995  0.560000
996  0.620000
997  0.700000
998  0.780000
999  0.840000
1000  0.920000
1001  1.040000
1002  1.120000
1003  1.220000
1004  1.300000
1005  1.420000
1006  1.540000
1007  1.640000
1008  1.760000
1009  1.820000
1010  1.940000
1011  2.100000
1012  2.200000
1013  2.320000
1014  2.400000
1015  2.520000
1016  2.640000
1017  2.740000
1018  2.820000
1019  2.900000
1020  3.000000
1021  3.120000
1022  3.200000
1023  3.300000
1024  3.360000
1025  3.440000
1026  3.520000
1027  3.580000
1028  3.620000
1029  3.700000
1030  3.720000
1031  3.760000
1032  3.780000
1033  3.800000
1034  3.820000
1035  3.860000
1036  3.860000
1037  3.840000
1038  3.820000
1039  3.820000
1040  3.780000
1041  3.740000
1042  3.720000
1043  3.640000
1044  3.600000
1045  3.560000
1046  3.500000
1047  3.420000
1048  3.340000
1049  3.260000
1050  3.180000
1051  3.080000
1052  2.980000
1053  2.880000
1054  2.780000
1055  2.680000
1056  2.580000
1057  2.480000
1058  2.360000
1059  2.240000
1060  2.140000
1061  2.020000
1062  1.900000
1063  1.780000
1064  1.680000
1065  1.560000
1066  1.460000
1067  1.380000
1068  1.260000
1069  1.160000
1070  1.040000
1071  0.960000
1072  0.880000
1073  0.800000
1074  0.720000
1075  0.620000
1076  0.580000
1077  0.520000
1078  0.460000
1079  0.420000
1080  0.360000
1081  0.340000
1082  0.300000
1083  0.280000
1084  0.260000
1085  0.240000
1086  0.260000
1087  0.240000
1088  0.280000
1089  0.280000
1090  0.300000
1091  0.400000
1092  0.420000
1093  0.460000
1094  0.500000
1095  0.560000
1096  0.660000
1097  0.720000
1098  0.800000
1099  0.880000
1100  0.960000
1101  1.080000
1102  1.160000
1103  1.260000
1104  1.340000
1105  1.440000
1106  1.580000
1107  1.680000
1108  1.780000
1109  1.900000
1110  2.020000
1111  2.120000
1112  2.220000
1113  2.340000
1114  2.460000
1115  2.540000
1116  2.660000
1117  2.780000
1118  2.860000
1119  2.980000
1120  3.080000
1121  3.140000
1122  3.240000
1123  3.300000
1124  3.400000
1125  3.480000
1126  3.520000
1127  3.580000
1128  3.660000
1129  3.700000
1130  3.760000
1131  3.760000
1132  3.780000
1133  3.820000
1134  3.820000
1135  3.820000
1136  3.860000
1137  3.840000
1138  3.820000
1139  3.800000
1140  3.760000
1141  3.740000
1142  3.680000
1143  3.660000
1144  3.580000
1145  3.500000
1146  3.460000
1147  3.400000
1148  3.320000
1149  3.240000
1150  3.140000
1151  3.040000
1152  2.960000
1153  2.840000
1154  2.760000
1155  2.640000
1156  2.540000
1157  2.440000
1158  2.320000
1159  2.200000
1160  2.080000
1161  1.960000
1162  1.880000
1163  1.740000
1164  1.640000
1165  1.520000
1166  1.440000
1167  1.320000
1168  1.240000
1169  1.120000
1170  1.020000
1171  0.920000
1172  0.840000
1173  0.760000
1174  0.680000
1175  0.580000
1176  0.560000
1177  0.480000
1178  0.440000
1179  0.400000
1180  0.340000
1181  0.320000
1182  0.300000
1183  0.260000
1184  0.260000
1185  0.240000
1186  0.260000
1187  0.280000
1188  0.300000
1189  0.320000
1190  0.340000
1191  0.380000
1192  0.440000
1193  0.480000
1194  0.540000
1195  0.580000
1196  0.680000
1197  0.740000
1198  0.820000
1199  0.920000
1200  0.980000
1201  1.080000
1202  1.200000
1203  1.300000
1204  1.400000
1205  1.500000
1206  1.600000
1207  1.720000
1208  1.840000
1209  1.940000
1210  2.060000
1211  2.140000
1212  2.280000
1213  2.380000
1214  2.480000
1215  2.540000
1216  2.700000
1217  2.800000
1218  2.920000
1219  3.000000
1220  3.100000
1221  3.180000
1222  3.260000
1223  3.340000
1224  3.420000
1225  3.500000
1226  3.540000
1227  3.620000
1228  3.680000
1229  3.700000
1230  3.700000
1231  3.780000
1232  3.800000
1233  3.820000
1234  3.820000
1235  3.820000
1236  0.300000
1237  3.840000
1238  3.820000
1239  3.780000
1240  3.760000
1241  3.720000
1242  3.680000
1243  3.620000
1244  3.560000
1245  3.500000
1246  3.440000
1247  3.360000
1248  3.280000
1249  3.200000
1250  3.100000
1251  3.020000
1252  2.900000
1253  2.800000
1254  2.700000
1255  2.600000
1256  2.480000
1257  2.380000
1258  2.260000
1259  2.180000
1260  2.060000
1261  1.920000
1262  1.820000
1263  1.700000
1264  1.600000
1265  1.480000
1266  1.360000
1267  1.280000
1268  1.200000
1269  1.080000
1270  0.980000
1271  0.880000
1272  0.800000
1273  0.720000
1274  0.680000
1275  0.580000
1276  0.520000
1277  0.480000
1278  0.440000
1279  0.380000
1280  0.320000
1281  0.300000
1282  0.280000
1283  0.280000
1284  0.260000
1285  0.220000
1286  0.240000
1287  0.280000
1288  0.300000
1289  0.320000
1290  0.340000
1291  0.380000
1292  0.460000
1293  0.500000
1294  0.560000
1295  0.600000
1296  0.680000
1297  0.780000
1298  0.860000
1299  0.940000
1300  1.040000
1301  1.100000
1302  1.240000
1303  1.340000
1304  1.440000
1305  1.540000
1306  1.640000
1307  1.780000
1308  1.880000
1309  1.980000
1310  2.080000
1311  2.200000
1312  2.320000
1313  2.420000
1314  2.520000
1315  2.640000
1316  2.760000
1317  2.860000
1318  2.920000
1319  3.040000
1320  3.140000
1321  3.220000
1322  3.300000
1323  3.360000
1324  3.440000
1325  3.500000
1326  3.580000
1327  3.640000
1328  3.680000
1329  3.720000
1330  3.760000
1331  3.800000
1332  3.800000
1333  3.820000
1334  3.840000
1335  3.820000
1336  3.820000
1337  3.840000
1338  3.800000
1339  3.780000
1340  3.760000
1341  3.700000
1342  3.640000
1343  3.600000
1344  3.540000
1345  3.480000
1346  3.400000
1347  3.320000
1348  3.240000
1349  3.160000
1350  3.080000
1351  2.980000
1352  2.880000
1353  2.780000
1354  2.680000
1355  2.540000
1356  2.440000
1357  2.360000
1358  2.220000
1359  2.120000
1360  2.000000
1361  1.880000
1362  1.780000
1363  1.680000
1364  1.560000
1365  1.440000
1366  1.340000
1367  1.240000
1368  1.180000
1369  1.040000
1370  0.940000
1371  0.860000
1372  0.780000
1373  0.700000
1374  0.620000
1375  0.560000
1376  0.500000
1377  0.460000
1378  0.420000
1379  0.360000
1380  0.300000
1381  0.280000
1382  0.300000
1383  0.260000
1384  0.240000
1385  0.240000
1386  0.240000
1387  0.280000
1388  0.300000
1389  0.340000
1390  0.380000
1391  0.420000
1392  0.460000
1393  0.520000
1394  0.580000
1395  0.660000
1396  0.720000
1397  0.820000
1398  0.900000
1399  0.980000
1400  1.080000
1401  1.160000
1402  1.260000
1403  1.380000
1404  1.440000
1405  1.580000
1406  1.660000
1407  1.780000
1408  1.920000
1409  2.020000
1410  2.140000
1411  2.220000
1412  2.360000
1413  2.460000
1414  2.560000
1415  2.680000
1416  2.780000
1417  2.880000
1418  2.980000
1419  3.080000
1420  3.160000
1421  3.240000
1422  3.320000
1423  3.400000
1424  3.480000
1425  3.540000
1426  3.600000
1427  3.640000
1428  3.700000
1429  3.740000
1430  3.760000
1431  3.800000
1432  3.800000
1433  3.820000
1434  3.840000
1435  3.820000
1436  3.800000
1437  3.840000
1438  3.800000
1439  3.780000
1440  3.720000
1441  3.680000
1442  3.620000
1443  3.580000
1444  3.500000
1445  3.420000
1446  3.380000
1447  3.300000
1448  3.200000
1449  3.120000
1450  3.040000
1451  2.940000
1452  2.840000
1453  2.740000
1454  2.620000
1455  2.520000
1456  2.400000
1457  2.320000
1458  2.200000
1459  2.080000
1460  1.960000
1461  1.840000
1462  1.740000
1463  1.620000
1464  1.520000
1465  1.420000
1466  1.300000
1467  1.220000
1468  1.100000
1469  1.020000
1470  0.920000
1471  0.780000
1472  0.760000
1473  0.680000
1474  0.600000
1475  0.540000
1476  0.480000
1477  0.400000
1478  0.400000
1479  0.360000
1480  0.320000
1481  0.280000
1482  0.260000
1483  0.240000
1484  0.260000
1485  0.260000
1486  0.260000
1487  0.300000
1488  0.320000
1489  0.360000
1490  0.400000
1491  0.420000
1492  0.480000
1493  0.540000
1494  0.600000
1495  0.680000
1496  0.740000
1497  0.840000
1498  0.920000
1499  1.040000
1500  1.120000
1501  1.180000
1502  1.300000
1503  1.420000
1504  1.520000
1505  1.620000
1506  1.720000
1507  1.840000
1508  1.960000
1509  2.080000
1510  2.180000
1511  2.280000
1512  2.400000
1513  2.500000
1514  2.620000
1515  2.700000
1516  2.840000
1517  2.920000
1518  3.040000
1519  3.120000
1520  3.200000
1521  3.280000
1522  3.360000
1523  3.440000
1524  3.500000
1525  3.560000
1526  3.620000
1527  3.680000
1528  3.720000
1529  3.760000
1530  3.800000
1531  3.820000
1532  0.300000
1533  3.840000
1534  3.840000
1535  3.840000
1536  3.820000
1537  3.800000
1538  3.780000
1539  3.740000
1540  3.720000
1541  3.680000
1542  3.600000
1543  3.560000
1544  3.480000
1545  3.420000
1546  3.360000
1547  3.260000
1548  3.180000
1549  3.100000
1550  3.000000
1551  2.900000
1552  2.800000
1553  2.700000
1554  2.580000
1555  2.480000
1556  2.380000
1557  2.240000
1558  2.140000
1559  2.040000
1560  1.920000
1561  1.800000
1562  1.680000
1563  1.580000
1564  1.480000
1565  1.380000
1566  1.240000
1567  1.160000
1568  1.080000
1569  0.980000
1570  0.900000
1571  0.800000
1572  0.700000
1573  0.640000
1574  0.580000
1575  0.520000
1576  0.440000
1577  0.400000
1578  0.380000
1579  0.340000
1580  0.300000
1581  0.260000
1582  0.260000
1583  0.240000
1584  0.240000
1585  0.260000
1586  0.260000
1587  0.300000
1588  0.320000
1589  0.360000
1590  0.420000
1591  0.460000
1592  0.520000
1593  0.580000
1594  0.620000
1595  0.700000
1596  0.780000
1597  0.860000
1598  0.980000
1599  1.020000
1600  1.140000
1601  1.220000
1602  1.340000
1603  1.460000
1604  1.540000
1605  1.660000
1606  1.780000
1607  1.880000
1608  2.000000
1609  2.120000
1610  2.240000
1611  2.320000
1612  2.440000
1613  2.540000
1614  2.660000
1615  2.760000
1616  2.860000
1617  2.960000
1618  3.040000
1619  3.140000
1620  3.220000
1621  3.320000
1622  3.380000
1623  3.460000
1624  3.540000
1625  3.580000
1626  3.640000
1627  3.680000
1628  3.740000
1629  3.760000
1630  3.800000
1631  3.820000
1632  3.820000
1633  3.840000
1634  3.840000
1635  3.820000
1636  3.820000
1637  3.800000
1638  3.780000
1639  3.740000
1640  3.700000
1641  3.640000
1642  3.600000
1643  3.540000
1644  3.460000
1645  3.400000
1646  3.300000
1647  3.240000
1648  3.160000
1649  3.060000
1650  2.960000
1651  2.860000
1652  2.760000
1653  2.660000
1654  2.540000
1655  2.440000
1656  2.320000
1657  2.220000
1658  2.100000
1659  2.000000
1660  1.880000
1661  1.760000
1662  1.640000
1663  1.560000
1664  1.440000
1665  1.340000
1666  1.220000
1667  1.120000
1668  1.060000
1669  0.940000
1670  0.860000
1671  0.760000
1672  0.700000
1673  0.620000
1674  0.560000
1675  0.500000
1676  0.440000
1677  0.380000
1678  0.360000
1679  0.320000
1680  0.300000
1681  0.280000
1682  0.240000
1683  0.260000
1684  0.240000
1685  0.260000
1686  0.280000
1687  0.300000
1688  0.340000
1689  0.380000
1690  0.440000
1691  0.480000
1692  0.520000
1693  0.600000
1694  0.660000
1695  0.740000
1696  0.820000
1697  0.900000
1698  1.000000
1699  1.100000
1700  1.200000
1701  1.280000
1702  1.380000
1703  1.480000
1704  1.580000
1705  1.700000
1706  1.820000
1707  1.900000
1708  2.040000
1709  2.160000
1710  2.280000
1711  2.380000
1712  2.480000
1713  2.580000
1714  2.680000
1715  2.800000
1716  2.900000
1717  3.000000
1718  3.080000
1719  3.180000
1720  3.260000
1721  3.340000
1722  3.420000
1723  3.480000
1724  3.540000
1725  3.600000
1726  3.640000
1727  3.700000
1728  3.740000
1729  3.780000
1730  3.800000
1731  3.820000
1732  3.820000
1733  3.860000
1734  3.840000
1735  3.820000
1736  3.800000
1737  3.800000
1738  3.760000
1739  3.720000
1740  3.680000
1741  3.620000
1742  3.560000
1743  3.520000
1744  3.420000
1745  3.360000
1746  3.300000
1747  3.180000
1748  3.120000
1749  3.020000
1750  2.920000
1751  2.840000
1752  2.720000
1753  2.600000
1754  2.500000
1755  2.400000
1756  2.300000
1757  2.160000
1758  2.060000
1759  1.960000
1760  1.840000
1761  1.740000
1762  1.620000
1763  1.500000
1764  1.400000
1765  1.300000
1766  1.200000
1767  1.080000
1768  1.020000
1769  0.920000
1770  0.840000
1771  0.740000
1772  0.660000
1773  0.580000
1774  0.540000
1775  0.480000
1776  0.420000
1777  0.360000
1778  0.340000
1779  0.300000
1780  0.300000
1781  0.260000
1782  0.200000
1783  0.240000
1784  0.260000
1785  0.280000
1786  0.300000
1787  0.300000
1788  0.360000
1789  0.420000
1790  0.460000
1791  0.500000
1792  0.540000
1793  0.620000
1794  0.700000
1795  0.760000
1796  0.840000
1797  0.920000
1798  1.020000
1799  1.140000
1800  1.220000
1801  1.320000
1802  1.380000
1803  1.520000
1804  1.640000
1805  1.740000
1806  1.860000
1807  1.940000
1808  2.080000
1809  2.180000
1810  2.300000
1811  2.420000
1812  2.520000
1813  2.620000
1814  2.720000
1815  2.840000
1816  2.920000
1817  3.020000
1818  3.120000
1819  3.200000
1820  3.280000
1821  3.380000
1822  3.440000
1823  3.520000
1824  3.560000
1825  3.620000
1826  3.680000
1827  3.740000
1828  3.740000
1829  3.780000
1830  3.800000
1831  3.820000
1832  3.820000
1833  0.300000
1834  3.840000
1835  3.820000
1836  3.800000
1837  3.780000
1838  3.720000
1839  3.700000
1840  3.640000
1841  3.600000
1842  3.540000
1843  3.480000
1844  3.400000
1845  3.340000
1846  3.260000
1847  3.160000
1848  3.080000
1849  3.000000
1850  2.900000
1851  2.800000
1852  2.660000
1853  2.560000
1854  2.460000
1855  2.360000
1856  2.240000
1857  2.140000
1858  2.020000
1859  1.880000
1860  1.800000
1861  1.680000
1862  1.560000
1863  1.460000
1864  1.360000
1865  1.260000
1866  1.140000
1867  1.040000
1868  0.960000
1869  0.880000
1870  0.800000
1871  0.700000
1872  0.620000
1873  0.560000
1874  0.520000
1875  0.460000
1876  0.400000
1877  0.340000
1878  0.320000
1879  0.300000
1880  0.280000
1881  0.260000
1882  0.220000
1883  0.240000
1884  0.260000
1885  0.280000
1886  0.300000
1887  0.340000
1888  0.360000
1889  0.440000
1890  0.460000
1891  0.520000
1892  0.560000
1893  0.620000
1894  0.720000
1895  0.800000
1896  0.880000
1897  0.940000
1898  1.060000
1899  1.160000
1900  1.260000
1901  1.380000
1902  1.460000
1903  1.560000
1904  1.680000
1905  1.780000
1906  1.900000
1907  2.000000
1908  2.120000
1909  2.240000
1910  2.360000
1911  2.460000
1912  2.540000
1913  2.660000
1914  2.760000
1915  2.860000
1916  2.960000
1917  3.060000
1918  3.140000
1919  3.240000
1920  3.340000
1921  3.420000
1922  3.460000
1923  3.520000
1924  3.600000
1925  3.640000
1926  3.700000
1927  3.720000
1928  3.780000
1929  3.780000
1930  3.840000
1931  3.860000
1932  3.820000
1933  0.300000
1934  3.840000
1935  3.820000
1936  3.800000
1937  3.760000
1938  3.740000
1939  3.700000
1940  3.660000
1941  3.600000
1942  3.520000
1943  3.460000
1944  3.400000
1945  3.300000
1946  3.220000
1947  3.140000
1948  3.060000
1949  2.960000
1950  2.840000
1951  2.760000
1952  2.640000
1953  2.540000
1954  2.440000
1955  2.320000
1956  2.180000
1957  2.080000
1958  1.980000
1959  1.860000
1960  1.740000
1961  1.640000
1962  1.540000
1963  1.420000
1964  1.320000
1965  1.220000
1966  1.120000
1967  1.020000
1968  0.920000
1969  0.840000
1970  0.760000
1971  0.680000
1972  0.620000
1973  0.540000
1974  0.480000
1975  0.440000
1976  0.400000
1977  0.320000
1978  0.300000
1979  0.300000
1980  0.280000
1981  0.260000
1982  0.240000
1983  0.240000
1984  0.240000
1985  0.280000
1986  0.320000
1987  0.340000
1988  0.360000
1989  0.440000
1990  0.480000
1991  0.560000
1992  0.600000
1993  0.660000
1994  0.760000
1995  0.820000
1996  0.900000
1997  0.980000
1998  1.100000
1999  1.220000
2000  1.300000
2001  1.420000
2002  1.500000
2003  1.600000
2004  1.720000
2005  1.800000
2006  1.940000
2007  2.040000
2008  2.160000
2009  2.280000
2010  2.400000
2011  2.500000
2012  2.600000
2013  2.700000
2014  2.820000
2015  2.900000
2016  3.000000
2017  3.060000
2018  3.180000
2019  3.260000
2020  3.360000
2021  3.420000
2022  3.500000
2023  3.560000
2024  3.620000
2025  3.660000
2026  3.700000
2027  3.740000
2028  3.780000
2029  3.800000
2030  3.820000
2031  3.840000
2032  3.860000
2033  3.820000
2034  3.840000
2035  3.800000
2036  3.780000
2037  3.760000
2038  3.720000
2039  3.660000
2040  3.620000
2041  3.560000
2042  3.500000
2043  3.460000
2044  3.340000
2045  3.280000
2046  3.180000
2047  3.100000
2048  0.000000
