Nama File =sin50H_1k.dat
Time Samplig =0.0010
1  1.160000
2  2.080000
3  0.240000
4  0.360000
5  0.620000
6  1.040000
7  1.520000
8  2.080000
9  2.640000
10  3.120000
11  3.540000
12  3.780000
13  3.860000
14  3.740000
15  3.480000
16  3.040000
17  2.540000
18  1.980000
19  1.440000
20  0.920000
21  0.560000
22  0.300000
23  0.280000
24  0.400000
25  0.680000
26  1.100000
27  1.640000
28  2.180000
29  2.740000
30  3.180000
31  3.540000
32  3.800000
33  3.840000
34  3.700000
35  3.400000
36  2.980000
37  2.440000
38  1.880000
39  1.340000
40  0.860000
41  0.440000
42  0.280000
43  0.260000
44  0.420000
45  0.760000
46  1.200000
47  1.720000
48  2.280000
49  2.820000
50  3.280000
51  3.640000
52  3.820000
53  3.840000
54  3.660000
55  3.340000
56  2.880000
57  2.360000
58  1.800000
59  1.220000
60  0.780000
61  0.440000
62  0.280000
63  0.280000
64  0.480000
65  0.820000
66  1.280000
67  1.820000
68  2.380000
69  2.900000
70  3.360000
71  3.680000
72  3.840000
73  3.820000
74  3.620000
75  3.260000
76  2.800000
77  2.260000
78  1.680000
79  1.160000
80  0.740000
81  0.400000
82  0.260000
83  0.300000
84  0.520000
85  0.900000
86  1.380000
87  1.900000
88  2.480000
89  2.980000
90  3.420000
91  3.720000
92  3.840000
93  3.800000
94  3.560000
95  3.200000
96  2.700000
97  2.160000
98  1.580000
99  1.080000
100  0.640000
101  0.360000
102  0.240000
103  0.340000
104  0.580000
105  0.980000
106  1.460000
107  2.020000
108  2.580000
109  3.060000
110  3.480000
111  3.760000
112  3.860000
113  3.760000
114  3.500000
115  3.120000
116  2.620000
117  2.060000
118  1.500000
119  0.980000
120  0.580000
121  0.320000
122  0.240000
123  0.360000
124  0.620000
125  1.040000
126  1.560000
127  2.120000
128  2.660000
129  3.160000
130  3.540000
131  3.780000
132  3.860000
133  3.740000
134  3.460000
135  3.040000
136  2.520000
137  1.960000
138  1.420000
139  0.900000
140  0.520000
141  0.300000
142  0.260000
143  0.400000
144  0.700000
145  1.140000
146  1.660000
147  2.200000
148  2.760000
149  3.220000
150  3.600000
151  3.800000
152  3.840000
153  3.680000
154  3.380000
155  2.960000
156  2.420000
157  1.880000
158  1.320000
159  0.840000
160  0.480000
161  0.300000
162  0.280000
163  0.440000
164  0.760000
165  1.200000
166  1.760000
167  2.320000
168  2.840000
169  3.300000
170  3.640000
171  3.820000
172  3.840000
173  3.640000
174  3.320000
175  2.860000
176  2.340000
177  1.760000
178  1.220000
179  0.760000
180  0.420000
181  0.260000
182  0.280000
183  0.500000
184  0.820000
185  1.300000
186  1.840000
187  2.400000
188  2.920000
189  3.380000
190  3.680000
191  3.840000
192  3.820000
193  3.600000
194  3.260000
195  2.780000
196  2.220000
197  1.660000
198  1.140000
199  0.680000
200  0.400000
201  0.260000
202  0.300000
203  0.540000
204  0.920000
205  1.400000
206  1.940000
207  2.500000
208  3.020000
209  3.440000
210  3.720000
211  3.860000
212  3.780000
213  3.560000
214  3.160000
215  2.680000
216  2.140000
217  1.560000
218  1.040000
219  0.620000
220  0.360000
221  0.240000
222  0.340000
223  0.600000
224  0.980000
225  1.500000
226  2.040000
227  2.600000
228  3.100000
229  3.500000
230  3.740000
231  3.840000
232  3.760000
233  3.500000
234  3.100000
235  2.600000
236  2.040000
237  1.480000
238  0.960000
239  0.560000
240  0.320000
241  0.260000
242  0.380000
243  0.660000
244  1.080000
245  1.580000
246  2.140000
247  2.680000
248  3.180000
249  3.540000
250  3.800000
251  3.860000
252  3.720000
253  3.440000
254  3.020000
255  2.500000
256  1.920000
257  1.420000
258  0.880000
259  0.520000
260  0.300000
261  0.260000
262  0.400000
263  0.720000
264  1.160000
265  1.680000
266  2.240000
267  2.780000
268  3.240000
269  3.600000
270  3.800000
271  3.840000
272  3.680000
273  3.380000
274  2.940000
275  2.400000
276  1.840000
277  1.300000
278  0.800000
279  0.480000
280  0.280000
281  0.280000
282  0.460000
283  0.780000
284  1.240000
285  1.780000
286  2.300000
287  2.860000
288  3.320000
289  3.660000
290  3.800000
291  3.840000
292  3.640000
293  3.300000
294  2.840000
295  2.300000
296  1.740000
297  1.200000
298  0.720000
299  0.420000
300  0.260000
301  0.300000
302  0.500000
303  0.860000
304  1.340000
305  1.860000
306  2.440000
307  2.960000
308  3.400000
309  3.700000
310  3.840000
311  3.800000
312  3.600000
313  3.240000
314  2.740000
315  2.220000
316  1.640000
317  1.140000
318  0.680000
319  0.380000
320  0.220000
321  0.300000
322  0.560000
323  0.920000
324  1.420000
325  1.960000
326  2.520000
327  3.040000
328  3.460000
329  3.740000
330  3.840000
331  3.780000
332  3.540000
333  3.160000
334  2.660000
335  2.100000
336  1.540000
337  1.040000
338  0.580000
339  0.320000
340  0.240000
341  0.340000
342  0.600000
343  1.000000
344  1.520000
345  2.080000
346  2.620000
347  3.120000
348  3.500000
349  3.760000
350  3.860000
351  3.740000
352  3.480000
353  3.080000
354  2.540000
355  2.000000
356  1.460000
357  0.940000
358  0.540000
359  0.320000
360  0.260000
361  0.380000
362  0.680000
363  1.100000
364  1.600000
365  2.160000
366  2.720000
367  3.180000
368  3.560000
369  3.800000
370  3.860000
371  3.720000
372  3.420000
373  3.000000
374  2.480000
375  1.900000
376  1.360000
377  0.860000
378  0.500000
379  0.280000
380  0.260000
381  0.440000
382  0.720000
383  1.160000
384  1.700000
385  2.260000
386  2.800000
387  3.280000
388  3.620000
389  3.820000
390  0.300000
391  3.680000
392  3.340000
393  2.920000
394  2.380000
395  1.800000
396  1.280000
397  0.800000
398  0.460000
399  0.280000
400  0.280000
401  0.460000
402  0.820000
403  1.260000
404  1.800000
405  2.340000
406  2.880000
407  3.340000
408  3.660000
409  3.820000
410  3.800000
411  3.620000
412  3.280000
413  2.820000
414  2.280000
415  1.720000
416  1.180000
417  0.720000
418  0.400000
419  0.260000
420  0.300000
421  0.500000
422  0.880000
423  1.360000
424  1.880000
425  2.460000
426  2.980000
427  3.400000
428  3.720000
429  3.860000
430  3.800000
431  3.580000
432  3.200000
433  2.740000
434  2.180000
435  1.620000
436  1.100000
437  0.660000
438  0.360000
439  0.260000
440  0.320000
441  0.560000
442  0.920000
443  1.460000
444  2.000000
445  2.540000
446  3.060000
447  3.460000
448  3.760000
449  3.860000
450  3.780000
451  3.520000
452  3.140000
453  2.640000
454  2.100000
455  1.540000
456  1.020000
457  0.580000
458  0.320000
459  0.240000
460  0.360000
461  0.620000
462  1.040000
463  1.540000
464  2.100000
465  2.640000
466  3.140000
467  3.500000
468  3.780000
469  3.860000
470  3.740000
471  3.480000
472  3.060000
473  2.540000
474  1.980000
475  1.440000
476  0.920000
477  0.540000
478  0.300000
479  0.240000
480  0.400000
481  0.700000
482  1.120000
483  1.640000
484  2.200000
485  2.740000
486  3.220000
487  3.600000
488  3.800000
489  3.840000
490  3.720000
491  3.400000
492  2.960000
493  2.440000
494  1.880000
495  1.340000
496  0.880000
497  0.480000
498  0.280000
499  0.260000
500  0.440000
501  0.740000
502  1.200000
503  1.700000
504  2.300000
505  2.820000
506  3.300000
507  3.620000
508  3.820000
509  3.820000
510  3.660000
511  3.340000
512  2.880000
513  2.340000
514  1.780000
515  1.260000
516  0.780000
517  0.440000
518  0.260000
519  0.280000
520  0.480000
521  0.820000
522  1.300000
523  1.820000
524  2.380000
525  2.900000
526  3.360000
527  3.680000
528  3.820000
529  3.820000
530  3.600000
531  3.280000
532  2.800000
533  2.260000
534  1.680000
535  1.160000
536  0.700000
537  0.400000
538  0.200000
539  0.300000
540  0.520000
541  0.900000
542  1.380000
543  1.920000
544  2.480000
545  3.000000
546  3.420000
547  3.700000
548  3.840000
549  3.800000
550  3.540000
551  3.180000
552  2.700000
553  2.160000
554  1.600000
555  1.080000
556  0.640000
557  0.360000
558  0.240000
559  0.340000
560  0.580000
561  1.000000
562  1.480000
563  2.020000
564  2.580000
565  3.060000
566  3.460000
567  3.760000
568  3.860000
569  3.760000
570  3.500000
571  3.120000
572  2.600000
573  2.060000
574  1.500000
575  1.000000
576  0.580000
577  0.300000
578  0.200000
579  0.380000
580  0.640000
581  1.060000
582  1.560000
583  2.120000
584  2.660000
585  3.160000
586  3.540000
587  3.780000
588  3.860000
589  3.720000
590  3.460000
591  3.020000
592  2.520000
593  1.960000
594  1.400000
595  0.920000
596  0.520000
597  0.280000
598  0.240000
599  0.400000
600  0.700000
601  1.140000
602  1.660000
603  2.220000
604  2.760000
605  3.240000
606  3.580000
607  3.800000
608  3.840000
609  3.680000
610  3.380000
611  2.960000
612  2.420000
613  1.860000
614  1.320000
615  0.840000
616  0.480000
617  0.300000
618  0.260000
619  0.440000
620  0.780000
621  1.220000
622  1.760000
623  2.320000
624  2.860000
625  3.300000
626  3.640000
627  3.820000
628  3.820000
629  3.640000
630  3.320000
631  2.840000
632  2.320000
633  1.760000
634  1.220000
635  0.780000
636  0.440000
637  0.280000
638  0.280000
639  0.500000
640  0.840000
641  1.320000
642  1.860000
643  2.420000
644  2.940000
645  3.380000
646  3.680000
647  3.840000
648  3.800000
649  3.600000
650  3.240000
651  2.760000
652  2.220000
653  1.660000
654  1.140000
655  0.680000
656  0.380000
657  0.240000
658  0.300000
659  0.540000
660  0.920000
661  1.420000
662  1.940000
663  2.520000
664  3.020000
665  3.440000
666  3.720000
667  3.860000
668  3.780000
669  3.540000
670  3.160000
671  2.680000
672  2.120000
673  1.580000
674  1.040000
675  0.620000
676  0.360000
677  0.240000
678  0.320000
679  0.600000
680  0.980000
681  1.500000
682  2.040000
683  2.600000
684  3.100000
685  3.500000
686  3.760000
687  3.860000
688  3.740000
689  3.500000
690  3.040000
691  2.580000
692  2.020000
693  1.480000
694  0.980000
695  0.580000
696  0.320000
697  0.200000
698  0.380000
699  0.660000
700  1.080000
701  1.580000
702  2.160000
703  2.680000
704  3.180000
705  3.540000
706  3.780000
707  3.860000
708  3.720000
709  3.440000
710  3.020000
711  2.480000
712  1.920000
713  1.380000
714  0.880000
715  0.520000
716  0.280000
717  0.260000
718  0.400000
719  0.720000
720  1.180000
721  1.680000
722  2.240000
723  2.780000
724  3.260000
725  3.600000
726  3.820000
727  3.820000
728  3.680000
729  3.380000
730  2.920000
731  2.400000
732  1.840000
733  1.300000
734  0.800000
735  0.460000
736  0.280000
737  0.260000
738  0.460000
739  0.780000
740  1.240000
741  1.780000
742  2.320000
743  2.860000
744  3.320000
745  3.660000
746  3.820000
747  3.820000
748  3.640000
749  3.300000
750  2.840000
751  2.280000
752  1.720000
753  1.200000
754  0.760000
755  0.400000
756  0.260000
757  0.300000
758  0.500000
759  0.860000
760  1.360000
761  1.880000
762  2.440000
763  2.960000
764  3.400000
765  3.700000
766  3.820000
767  3.800000
768  3.580000
769  3.220000
770  2.740000
771  2.200000
772  1.640000
773  1.120000
774  0.680000
775  0.360000
776  0.240000
777  0.300000
778  0.560000
779  0.940000
780  1.420000
781  1.980000
782  2.540000
783  3.040000
784  3.460000
785  3.740000
786  3.840000
787  3.780000
788  3.540000
789  3.140000
790  2.640000
791  2.100000
792  1.540000
793  1.040000
794  0.620000
795  0.340000
796  0.220000
797  0.340000
798  0.620000
799  1.020000
800  1.540000
801  2.080000
802  2.620000
803  3.120000
804  3.500000
805  3.760000
806  3.860000
807  3.760000
808  3.460000
809  3.060000
810  2.540000
811  2.000000
812  1.460000
813  0.960000
814  0.560000
815  0.300000
816  0.240000
817  0.380000
818  0.660000
819  1.100000
820  1.600000
821  2.180000
822  2.720000
823  3.180000
824  3.560000
825  3.800000
826  3.840000
827  3.700000
828  3.400000
829  2.980000
830  2.460000
831  1.900000
832  1.360000
833  0.860000
834  0.500000
835  0.280000
836  0.260000
837  0.420000
838  0.740000
839  1.200000
840  1.720000
841  2.280000
842  2.800000
843  3.260000
844  3.640000
845  3.780000
846  3.820000
847  3.680000
848  3.340000
849  2.900000
850  2.380000
851  1.800000
852  1.260000
853  0.820000
854  0.440000
855  0.260000
856  0.260000
857  0.460000
858  0.800000
859  1.260000
860  1.800000
861  2.360000
862  2.900000
863  3.340000
864  3.660000
865  3.820000
866  3.820000
867  3.620000
868  3.280000
869  2.800000
870  2.260000
871  1.700000
872  1.180000
873  0.720000
874  0.420000
875  0.260000
876  0.280000
877  0.520000
878  0.860000
879  1.360000
880  1.900000
881  2.480000
882  3.000000
883  3.420000
884  3.700000
885  3.840000
886  3.800000
887  3.580000
888  3.200000
889  2.720000
890  2.180000
891  1.600000
892  1.100000
893  0.660000
894  0.380000
895  0.240000
896  0.320000
897  0.580000
898  0.960000
899  1.460000
900  2.020000
901  2.560000
902  3.080000
903  3.480000
904  3.740000
905  3.860000
906  3.780000
907  3.520000
908  3.100000
909  2.620000
910  2.080000
911  1.500000
912  1.020000
913  0.600000
914  0.340000
915  0.240000
916  0.340000
917  0.640000
918  1.040000
919  1.560000
920  2.100000
921  2.660000
922  3.160000
923  3.520000
924  3.780000
925  3.860000
926  3.720000
927  3.460000
928  3.040000
929  2.540000
930  1.960000
931  1.420000
932  0.920000
933  0.560000
934  0.300000
935  0.240000
936  0.380000
937  0.700000
938  1.120000
939  1.640000
940  2.200000
941  2.740000
942  3.220000
943  3.580000
944  3.760000
945  3.840000
946  3.720000
947  3.400000
948  2.960000
949  2.440000
950  1.860000
951  1.320000
952  0.840000
953  0.500000
954  0.280000
955  0.280000
956  0.420000
957  0.760000
958  1.200000
959  1.740000
960  2.300000
961  2.840000
962  3.300000
963  3.620000
964  3.820000
965  3.820000
966  3.660000
967  3.320000
968  2.860000
969  2.340000
970  1.780000
971  1.240000
972  0.780000
973  0.440000
974  0.280000
975  0.280000
976  0.460000
977  0.840000
978  1.300000
979  1.840000
980  2.400000
981  2.920000
982  3.360000
983  3.660000
984  3.820000
985  3.800000
986  3.580000
987  3.260000
988  2.780000
989  2.240000
990  1.680000
991  1.140000
992  0.720000
993  0.400000
994  0.260000
995  0.300000
996  0.520000
997  0.900000
998  1.400000
999  1.940000
1000  2.480000
1001  3.000000
1002  3.400000
1003  3.720000
1004  3.820000
1005  3.780000
1006  3.540000
1007  3.180000
1008  2.680000
1009  2.140000
1010  1.580000
1011  1.080000
1012  0.640000
1013  0.360000
1014  0.240000
1015  0.340000
1016  0.580000
1017  0.980000
1018  1.480000
1019  2.020000
1020  2.580000
1021  3.100000
1022  3.480000
1023  3.760000
1024  3.860000
1025  3.760000
1026  3.520000
1027  3.120000
1028  2.600000
1029  2.040000
1030  1.500000
1031  0.980000
1032  0.580000
1033  0.340000
1034  0.240000
1035  0.360000
1036  0.680000
1037  1.080000
1038  1.580000
1039  2.140000
1040  2.680000
1041  3.160000
1042  3.540000
1043  3.780000
1044  3.840000
1045  3.740000
1046  3.440000
1047  3.020000
1048  2.500000
1049  1.940000
1050  1.360000
1051  0.920000
1052  0.540000
1053  0.300000
1054  0.260000
1055  0.420000
1056  0.720000
1057  1.140000
1058  1.680000
1059  2.220000
1060  2.760000
1061  3.240000
1062  3.600000
1063  3.800000
1064  3.820000
1065  3.680000
1066  3.380000
1067  2.940000
1068  2.420000
1069  1.840000
1070  1.300000
1071  0.840000
1072  0.480000
1073  0.260000
1074  0.280000
1075  0.440000
1076  0.780000
1077  1.240000
1078  1.760000
1079  2.340000
1080  2.860000
1081  3.300000
1082  3.640000
1083  3.820000
1084  3.820000
1085  3.640000
1086  3.320000
1087  2.840000
1088  2.320000
1089  1.760000
1090  1.180000
1091  0.760000
1092  0.440000
1093  0.260000
1094  0.280000
1095  0.500000
1096  0.860000
1097  1.320000
1098  1.880000
1099  2.420000
1100  2.940000
1101  3.380000
1102  3.700000
1103  3.820000
1104  3.800000
1105  3.580000
1106  3.220000
1107  2.760000
1108  2.220000
1109  1.640000
1110  1.140000
1111  0.700000
1112  0.400000
1113  0.240000
1114  0.300000
1115  0.520000
1116  0.920000
1117  1.420000
1118  1.940000
1119  2.520000
1120  3.020000
1121  3.440000
1122  3.720000
1123  3.820000
1124  3.760000
1125  3.540000
1126  3.160000
1127  2.680000
1128  2.100000
1129  1.560000
1130  1.040000
1131  0.620000
1132  0.360000
1133  0.240000
1134  0.340000
1135  0.600000
1136  1.000000
1137  1.520000
1138  2.060000
1139  2.620000
1140  3.100000
1141  3.480000
1142  3.760000
1143  3.820000
1144  3.760000
1145  3.480000
1146  3.080000
1147  2.580000
1148  2.040000
1149  1.480000
1150  0.960000
1151  0.580000
1152  0.320000
1153  0.220000
1154  0.380000
1155  0.640000
1156  1.080000
1157  1.600000
1158  2.180000
1159  2.700000
1160  3.180000
1161  3.560000
1162  3.780000
1163  3.860000
1164  3.720000
1165  3.420000
1166  3.000000
1167  2.480000
1168  1.900000
1169  1.380000
1170  0.880000
1171  0.520000
1172  0.300000
1173  0.260000
1174  0.400000
1175  0.720000
1176  1.180000
1177  1.680000
1178  2.260000
1179  2.780000
1180  3.260000
1181  3.600000
1182  3.820000
1183  3.820000
1184  3.660000
1185  3.340000
1186  2.920000
1187  2.380000
1188  1.820000
1189  1.280000
1190  0.800000
1191  0.480000
1192  0.280000
1193  0.260000
1194  0.460000
1195  0.800000
1196  1.260000
1197  1.780000
1198  2.360000
1199  2.880000
1200  3.360000
1201  3.660000
1202  3.820000
1203  3.820000
1204  3.620000
1205  3.280000
1206  2.820000
1207  2.300000
1208  1.720000
1209  1.200000
1210  0.740000
1211  0.420000
1212  0.240000
1213  0.300000
1214  0.500000
1215  0.880000
1216  1.360000
1217  1.900000
1218  2.440000
1219  2.980000
1220  3.400000
1221  3.700000
1222  3.820000
1223  3.800000
1224  3.580000
1225  3.220000
1226  2.740000
1227  2.180000
1228  1.620000
1229  1.120000
1230  0.660000
1231  0.400000
1232  0.240000
1233  0.320000
1234  0.560000
1235  0.960000
1236  1.460000
1237  1.980000
1238  2.540000
1239  3.060000
1240  3.480000
1241  3.740000
1242  3.820000
1243  3.760000
1244  3.520000
1245  3.140000
1246  2.640000
1247  2.080000
1248  1.540000
1249  1.020000
1250  0.600000
1251  0.360000
1252  0.220000
1253  0.340000
1254  0.620000
1255  1.020000
1256  1.540000
1257  2.100000
1258  2.640000
1259  3.120000
1260  3.500000
1261  3.760000
1262  3.820000
1263  3.740000
1264  3.460000
1265  3.040000
1266  2.540000
1267  2.000000
1268  1.440000
1269  0.940000
1270  0.540000
1271  0.320000
1272  0.240000
1273  0.380000
1274  0.680000
1275  1.120000
1276  1.640000
1277  2.180000
1278  2.720000
1279  3.200000
1280  3.580000
1281  3.800000
1282  3.820000
1283  3.700000
1284  3.400000
1285  2.980000
1286  2.440000
1287  1.880000
1288  1.360000
1289  0.860000
1290  0.500000
1291  0.300000
1292  0.260000
1293  0.420000
1294  0.740000
1295  1.200000
1296  1.720000
1297  2.280000
1298  2.820000
1299  3.280000
1300  3.620000
1301  3.820000
1302  3.820000
1303  3.660000
1304  3.340000
1305  2.880000
1306  2.360000
1307  1.800000
1308  1.260000
1309  0.780000
1310  0.460000
1311  0.260000
1312  0.260000
1313  0.460000
1314  0.800000
1315  1.280000
1316  1.820000
1317  2.400000
1318  2.900000
1319  3.360000
1320  3.660000
1321  3.820000
1322  3.820000
1323  3.600000
1324  3.280000
1325  2.800000
1326  2.260000
1327  1.680000
1328  1.160000
1329  0.720000
1330  0.420000
1331  0.260000
1332  0.300000
1333  0.520000
1334  0.880000
1335  1.380000
1336  1.900000
1337  2.460000
1338  2.960000
1339  3.420000
1340  3.720000
1341  3.820000
1342  3.780000
1343  3.540000
1344  3.200000
1345  2.700000
1346  2.180000
1347  1.600000
1348  1.100000
1349  0.660000
1350  0.380000
1351  0.220000
1352  0.320000
1353  0.580000
1354  0.960000
1355  1.480000
1356  2.020000
1357  2.560000
1358  3.080000
1359  3.500000
1360  3.740000
1361  3.820000
1362  3.780000
1363  3.500000
1364  3.120000
1365  2.620000
1366  2.060000
1367  1.500000
1368  1.000000
1369  0.600000
1370  0.340000
1371  0.240000
1372  0.360000
1373  0.620000
1374  1.060000
1375  1.560000
1376  2.120000
1377  2.660000
1378  3.140000
1379  3.540000
1380  3.760000
1381  3.820000
1382  3.740000
1383  3.440000
1384  3.020000
1385  2.520000
1386  1.940000
1387  1.420000
1388  0.920000
1389  0.540000
1390  0.320000
1391  0.260000
1392  0.400000
1393  0.700000
1394  1.140000
1395  1.640000
1396  2.200000
1397  2.760000
1398  3.220000
1399  3.580000
1400  3.780000
1401  3.820000
1402  3.700000
1403  3.380000
1404  2.960000
1405  2.420000
1406  1.880000
1407  1.320000
1408  0.840000
1409  0.500000
1410  0.300000
1411  0.260000
1412  0.440000
1413  0.740000
1414  1.220000
1415  1.740000
1416  2.320000
1417  2.840000
1418  3.300000
1419  3.640000
1420  3.800000
1421  3.820000
1422  3.640000
1423  3.320000
1424  2.880000
1425  2.320000
1426  1.760000
1427  1.240000
1428  0.780000
1429  0.440000
1430  0.280000
1431  0.280000
1432  0.480000
1433  0.820000
1434  1.320000
1435  1.840000
1436  2.400000
1437  2.940000
1438  3.380000
1439  3.680000
1440  3.820000
1441  3.800000
1442  3.600000
1443  3.240000
1444  2.780000
1445  2.240000
1446  1.680000
1447  1.160000
1448  0.700000
1449  0.400000
1450  0.260000
1451  0.300000
1452  0.520000
1453  0.900000
1454  1.400000
1455  1.920000
1456  2.500000
1457  3.000000
1458  3.420000
1459  3.720000
1460  3.820000
1461  3.800000
1462  3.560000
1463  3.160000
1464  2.680000
1465  2.140000
1466  1.560000
1467  1.060000
1468  0.640000
1469  0.380000
1470  0.240000
1471  0.340000
1472  0.560000
1473  0.980000
1474  1.500000
1475  2.040000
1476  2.580000
1477  3.100000
1478  3.500000
1479  3.740000
1480  3.820000
1481  3.760000
1482  3.480000
1483  3.100000
1484  2.600000
1485  2.040000
1486  1.500000
1487  1.000000
1488  0.580000
1489  0.340000
1490  0.240000
1491  0.340000
1492  0.620000
1493  1.060000
1494  1.580000
1495  2.140000
1496  2.680000
1497  3.180000
1498  3.540000
1499  3.780000
1500  3.820000
1501  3.720000
1502  3.440000
1503  3.020000
1504  2.500000
1505  1.940000
1506  1.400000
1507  0.900000
1508  0.520000
1509  0.340000
1510  0.240000
1511  0.400000
1512  0.720000
1513  1.140000
1514  1.680000
1515  2.240000
1516  2.760000
1517  3.240000
1518  3.580000
1519  3.800000
1520  3.820000
1521  3.680000
1522  3.400000
1523  2.920000
1524  2.400000
1525  1.840000
1526  1.300000
1527  0.820000
1528  0.480000
1529  0.280000
1530  0.280000
1531  0.440000
1532  0.780000
1533  1.240000
1534  1.780000
1535  2.340000
1536  2.860000
1537  3.320000
1538  3.640000
1539  3.820000
1540  3.820000
1541  3.640000
1542  3.300000
1543  2.840000
1544  2.320000
1545  1.720000
1546  1.220000
1547  0.760000
1548  0.440000
1549  0.280000
1550  0.260000
1551  0.500000
1552  0.860000
1553  1.340000
1554  1.860000
1555  2.440000
1556  2.940000
1557  3.380000
1558  3.680000
1559  3.820000
1560  3.800000
1561  3.600000
1562  3.240000
1563  2.760000
1564  2.220000
1565  1.640000
1566  1.120000
1567  0.700000
1568  0.400000
1569  0.280000
1570  0.300000
1571  0.540000
1572  0.920000
1573  1.420000
1574  1.960000
1575  2.520000
1576  3.040000
1577  3.440000
1578  3.740000
1579  3.840000
1580  3.780000
1581  3.540000
1582  3.160000
1583  2.660000
1584  2.100000
1585  1.540000
1586  1.060000
1587  0.620000
1588  0.360000
1589  0.260000
1590  0.320000
1591  0.580000
1592  1.000000
1593  1.520000
1594  2.060000
1595  2.600000
1596  3.120000
1597  3.500000
1598  3.760000
1599  3.860000
1600  3.740000
1601  3.480000
1602  3.060000
1603  2.560000
1604  2.020000
1605  1.460000
1606  0.960000
1607  0.580000
1608  0.340000
1609  0.260000
1610  0.360000
1611  0.660000
1612  1.100000
1613  1.600000
1614  2.160000
1615  2.700000
1616  3.180000
1617  3.560000
1618  3.780000
1619  3.820000
1620  3.720000
1621  3.420000
1622  3.000000
1623  2.480000
1624  1.900000
1625  1.360000
1626  0.880000
1627  0.540000
1628  0.300000
1629  0.260000
1630  0.420000
1631  0.720000
1632  1.180000
1633  1.700000
1634  2.260000
1635  2.800000
1636  3.260000
1637  3.600000
1638  3.800000
1639  3.820000
1640  3.680000
1641  3.360000
1642  2.900000
1643  2.400000
1644  1.820000
1645  1.300000
1646  0.800000
1647  0.460000
1648  0.300000
1649  0.280000
1650  0.460000
1651  0.800000
1652  1.260000
1653  1.800000
1654  2.360000
1655  2.860000
1656  3.320000
1657  3.660000
1658  3.820000
1659  3.820000
1660  3.640000
1661  3.300000
1662  2.800000
1663  2.280000
1664  1.720000
1665  1.180000
1666  0.720000
1667  0.440000
1668  0.260000
1669  0.300000
1670  0.500000
1671  0.860000
1672  1.340000
1673  1.900000
1674  2.440000
1675  2.960000
1676  3.400000
1677  3.700000
1678  3.820000
1679  3.800000
1680  3.580000
1681  3.200000
1682  2.740000
1683  2.200000
1684  1.600000
1685  1.120000
1686  0.700000
1687  0.380000
1688  0.260000
1689  0.320000
1690  0.540000
1691  0.940000
1692  1.460000
1693  2.000000
1694  2.540000
1695  3.060000
1696  3.460000
1697  3.720000
1698  3.860000
1699  3.780000
1700  3.520000
1701  3.140000
1702  2.640000
1703  2.100000
1704  1.540000
1705  1.020000
1706  0.620000
1707  0.360000
1708  0.240000
1709  0.340000
1710  0.600000
1711  1.040000
1712  1.520000
1713  2.100000
1714  2.620000
1715  3.140000
1716  3.520000
1717  3.780000
1718  3.840000
1719  3.740000
1720  3.480000
1721  3.060000
1722  2.560000
1723  1.960000
1724  1.440000
1725  0.940000
1726  0.560000
1727  0.320000
1728  0.260000
1729  0.360000
1730  0.660000
1731  1.100000
1732  1.620000
1733  2.180000
1734  2.740000
1735  3.200000
1736  3.560000
1737  3.780000
1738  3.840000
1739  3.700000
1740  3.380000
1741  2.980000
1742  2.460000
1743  1.880000
1744  1.340000
1745  0.880000
1746  0.500000
1747  0.300000
1748  0.280000
1749  0.420000
1750  0.760000
1751  1.200000
1752  1.720000
1753  2.280000
1754  2.820000
1755  3.280000
1756  3.620000
1757  3.820000
1758  3.820000
1759  3.660000
1760  3.340000
1761  2.900000
1762  2.360000
1763  1.800000
1764  1.260000
1765  0.800000
1766  0.460000
1767  0.280000
1768  0.280000
1769  0.460000
1770  0.800000
1771  1.240000
1772  1.820000
1773  2.380000
1774  2.900000
1775  3.360000
1776  3.680000
1777  3.820000
1778  3.800000
1779  3.620000
1780  3.260000
1781  2.800000
1782  2.260000
1783  1.700000
1784  1.180000
1785  0.740000
1786  0.420000
1787  0.260000
1788  0.280000
1789  0.520000
1790  0.880000
1791  1.380000
1792  1.920000
1793  2.460000
1794  3.000000
1795  3.420000
1796  3.700000
1797  3.840000
1798  3.800000
1799  3.560000
1800  3.200000
1801  2.720000
1802  2.160000
1803  1.600000
1804  1.080000
1805  0.660000
1806  0.380000
1807  0.260000
1808  0.320000
1809  0.580000
1810  0.960000
1811  1.460000
1812  2.020000
1813  2.580000
1814  3.060000
1815  3.480000
1816  3.740000
1817  3.860000
1818  3.760000
1819  3.500000
1820  3.100000
1821  2.620000
1822  2.060000
1823  1.520000
1824  0.980000
1825  0.600000
1826  0.340000
1827  0.240000
1828  0.360000
1829  0.620000
1830  1.040000
1831  1.560000
1832  2.120000
1833  2.660000
1834  3.160000
1835  3.520000
1836  3.760000
1837  3.840000
1838  3.700000
1839  3.460000
1840  3.040000
1841  2.520000
1842  1.960000
1843  1.420000
1844  0.920000
1845  0.540000
1846  0.320000
1847  0.280000
1848  0.400000
1849  0.680000
1850  1.120000
1851  1.640000
1852  2.200000
1853  2.760000
1854  3.220000
1855  3.560000
1856  3.800000
1857  3.840000
1858  3.680000
1859  3.400000
1860  2.940000
1861  2.420000
1862  1.880000
1863  1.340000
1864  0.840000
1865  0.500000
1866  0.300000
1867  0.280000
1868  0.420000
1869  0.760000
1870  1.200000
1871  1.740000
1872  2.320000
1873  2.840000
1874  3.300000
1875  3.620000
1876  3.820000
1877  3.800000
1878  3.660000
1879  3.320000
1880  2.880000
1881  2.340000
1882  1.760000
1883  1.240000
1884  0.780000
1885  0.440000
1886  0.280000
1887  0.300000
1888  0.480000
1889  0.820000
1890  1.280000
1891  1.840000
1892  2.400000
1893  2.920000
1894  3.360000
1895  3.680000
1896  3.840000
1897  3.800000
1898  3.600000
1899  3.260000
1900  2.800000
1901  2.240000
1902  1.660000
1903  1.140000
1904  0.700000
1905  0.420000
1906  0.260000
1907  0.320000
1908  0.520000
1909  0.900000
1910  1.380000
1911  1.940000
1912  2.500000
1913  3.020000
1914  3.420000
1915  3.720000
1916  3.820000
1917  3.780000
1918  3.560000
1919  3.160000
1920  2.680000
1921  2.140000
1922  1.580000
1923  1.060000
1924  0.640000
1925  0.380000
1926  0.260000
1927  0.340000
1928  0.580000
1929  0.980000
1930  1.480000
1931  2.040000
1932  2.580000
1933  3.080000
1934  3.480000
1935  3.740000
1936  3.860000
1937  3.760000
1938  3.500000
1939  3.100000
1940  2.580000
1941  2.040000
1942  1.480000
1943  1.000000
1944  0.580000
1945  0.340000
1946  0.260000
1947  0.380000
1948  0.620000
1949  1.080000
1950  1.560000
1951  2.140000
1952  2.680000
1953  3.160000
1954  3.540000
1955  3.780000
1956  3.860000
1957  3.720000
1958  3.440000
1959  3.020000
1960  2.500000
1961  1.940000
1962  1.400000
1963  0.900000
1964  0.540000
1965  0.320000
1966  0.260000
1967  0.400000
1968  0.700000
1969  1.160000
1970  1.660000
1971  2.240000
1972  2.780000
1973  3.240000
1974  3.600000
1975  3.800000
1976  3.820000
1977  3.680000
1978  3.380000
1979  2.920000
1980  2.420000
1981  1.840000
1982  1.300000
1983  0.840000
1984  0.480000
1985  0.300000
1986  0.280000
1987  0.440000
1988  0.780000
1989  1.240000
1990  1.780000
1991  2.320000
1992  2.860000
1993  3.320000
1994  3.640000
1995  3.820000
1996  3.820000
1997  3.640000
1998  3.280000
1999  2.840000
2000  2.320000
2001  1.740000
2002  1.220000
2003  0.760000
2004  0.440000
2005  0.280000
2006  0.300000
2007  0.480000
2008  0.860000
2009  1.320000
2010  1.860000
2011  2.440000
2012  2.940000
2013  3.380000
2014  3.660000
2015  3.820000
2016  3.780000
2017  3.600000
2018  3.200000
2019  2.740000
2020  2.220000
2021  1.640000
2022  1.120000
2023  0.700000
2024  0.400000
2025  0.260000
2026  0.320000
2027  0.560000
2028  0.900000
2029  1.420000
2030  1.960000
2031  2.520000
2032  3.020000
2033  3.440000
2034  3.700000
2035  3.840000
2036  3.780000
2037  3.540000
2038  3.160000
2039  2.660000
2040  2.120000
2041  1.560000
2042  1.040000
2043  0.640000
2044  0.360000
2045  0.260000
2046  0.360000
2047  0.600000
2048  0.000000
