Nama File =sin5H_1k.dat
Time Samplig =0.0010
1  2.080000
2  0.300000
3  1.780000
4  1.860000
5  1.900000
6  1.960000
7  2.020000
8  2.080000
9  2.120000
10  2.200000
11  2.220000
12  2.300000
13  2.360000
14  2.420000
15  2.460000
16  2.520000
17  2.580000
18  2.620000
19  2.660000
20  2.740000
21  2.780000
22  2.820000
23  2.880000
24  2.920000
25  2.980000
26  3.040000
27  3.080000
28  3.120000
29  3.180000
30  3.220000
31  3.240000
32  3.300000
33  3.340000
34  3.380000
35  3.400000
36  3.440000
37  3.480000
38  3.500000
39  3.520000
40  3.560000
41  3.600000
42  3.620000
43  3.640000
44  3.700000
45  3.700000
46  3.720000
47  3.740000
48  3.760000
49  3.780000
50  3.800000
51  3.820000
52  3.820000
53  0.300000
54  3.840000
55  3.820000
56  3.800000
57  3.860000
58  3.860000
59  3.860000
60  3.840000
61  3.820000
62  3.820000
63  3.820000
64  3.800000
65  3.780000
66  3.780000
67  3.780000
68  3.760000
69  3.720000
70  3.720000
71  3.660000
72  3.660000
73  3.640000
74  3.600000
75  3.560000
76  3.540000
77  3.500000
78  3.440000
79  3.440000
80  3.380000
81  3.360000
82  3.320000
83  3.300000
84  3.240000
85  3.200000
86  3.160000
87  3.100000
88  3.060000
89  3.020000
90  2.960000
91  2.920000
92  2.840000
93  2.800000
94  2.760000
95  2.700000
96  2.640000
97  2.580000
98  2.540000
99  2.480000
100  2.440000
101  2.400000
102  2.320000
103  2.260000
104  2.200000
105  2.160000
106  2.100000
107  2.060000
108  1.980000
109  1.900000
110  1.860000
111  1.800000
112  1.740000
113  1.680000
114  1.640000
115  1.580000
116  1.540000
117  1.480000
118  1.420000
119  1.360000
120  1.320000
121  1.240000
122  1.200000
123  1.160000
124  1.120000
125  1.080000
126  1.040000
127  0.980000
128  0.920000
129  0.880000
130  0.820000
131  0.780000
132  0.760000
133  0.700000
134  0.660000
135  0.640000
136  0.600000
137  0.560000
138  0.520000
139  0.520000
140  0.480000
141  0.440000
142  0.420000
143  0.400000
144  0.400000
145  0.360000
146  0.340000
147  0.320000
148  0.320000
149  0.300000
150  0.280000
151  0.240000
152  0.260000
153  0.240000
154  0.260000
155  0.240000
156  0.240000
157  0.260000
158  0.260000
159  0.280000
160  0.280000
161  0.260000
162  0.280000
163  0.300000
164  0.320000
165  0.340000
166  0.360000
167  0.380000
168  0.400000
169  0.420000
170  0.420000
171  0.460000
172  0.480000
173  0.520000
174  0.560000
175  0.600000
176  0.620000
177  0.660000
178  0.700000
179  0.740000
180  0.760000
181  0.800000
182  0.840000
183  0.880000
184  0.940000
185  1.000000
186  1.040000
187  1.080000
188  1.140000
189  1.200000
190  1.220000
191  1.260000
192  1.320000
193  1.380000
194  1.440000
195  1.500000
196  1.540000
197  1.600000
198  1.640000
199  1.700000
200  1.760000
201  1.800000
202  1.880000
203  1.920000
204  2.000000
205  2.060000
206  2.120000
207  2.180000
208  2.220000
209  2.280000
210  2.340000
211  2.380000
212  2.440000
213  2.500000
214  2.540000
215  2.600000
216  2.640000
217  2.680000
218  2.760000
219  2.800000
220  2.860000
221  2.920000
222  2.960000
223  3.000000
224  3.060000
225  3.080000
226  3.140000
227  3.180000
228  3.240000
229  3.280000
230  3.320000
231  3.380000
232  3.400000
233  3.420000
234  3.440000
235  3.480000
236  3.520000
237  3.560000
238  3.600000
239  3.600000
240  3.640000
241  3.660000
242  3.680000
243  3.700000
244  3.740000
245  3.760000
246  3.780000
247  3.800000
248  3.800000
249  3.820000
250  3.820000
251  3.820000
252  0.300000
253  3.840000
254  3.860000
255  3.840000
256  3.860000
257  3.840000
258  3.820000
259  3.820000
260  3.820000
261  3.800000
262  3.800000
263  3.780000
264  3.780000
265  3.760000
266  3.740000
267  3.700000
268  3.680000
269  3.660000
270  3.640000
271  3.620000
272  3.580000
273  3.560000
274  3.520000
275  3.480000
276  3.440000
277  3.400000
278  3.380000
279  3.340000
280  3.300000
281  3.260000
282  3.220000
283  3.160000
284  3.100000
285  3.080000
286  3.020000
287  2.980000
288  2.940000
289  2.880000
290  2.840000
291  2.780000
292  2.720000
293  2.660000
294  2.620000
295  2.560000
296  2.520000
297  2.460000
298  2.400000
299  2.340000
300  2.280000
301  2.220000
302  2.180000
303  2.120000
304  2.060000
305  2.020000
306  1.960000
307  1.900000
308  1.840000
309  1.780000
310  1.700000
311  1.640000
312  1.600000
313  1.560000
314  1.500000
315  1.440000
316  1.380000
317  1.340000
318  1.280000
319  1.220000
320  1.160000
321  1.140000
322  1.080000
323  1.040000
324  1.000000
325  0.940000
326  0.900000
327  0.860000
328  0.820000
329  0.760000
330  0.720000
331  0.680000
332  0.620000
333  0.600000
334  0.580000
335  0.540000
336  0.520000
337  0.500000
338  0.460000
339  0.440000
340  0.400000
341  0.380000
342  0.360000
343  0.360000
344  0.340000
345  0.320000
346  0.300000
347  0.300000
348  0.280000
349  0.280000
350  0.260000
351  0.240000
352  0.240000
353  0.240000
354  0.240000
355  0.260000
356  0.260000
357  0.260000
358  0.280000
359  0.280000
360  0.280000
361  0.300000
362  0.320000
363  0.360000
364  0.380000
365  0.400000
366  0.400000
367  0.440000
368  0.480000
369  0.500000
370  0.520000
371  0.540000
372  0.580000
373  0.600000
374  0.640000
375  0.680000
376  0.720000
377  0.760000
378  0.760000
379  0.820000
380  0.860000
381  0.920000
382  0.960000
383  1.040000
384  1.060000
385  1.120000
386  1.180000
387  1.200000
388  1.260000
389  1.300000
390  1.380000
391  1.420000
392  1.480000
393  1.520000
394  1.580000
395  1.620000
396  1.680000
397  1.740000
398  1.800000
399  1.840000
400  1.900000
401  1.960000
402  2.040000
403  2.080000
404  2.140000
405  2.200000
406  2.240000
407  2.320000
408  2.360000
409  2.420000
410  2.460000
411  2.520000
412  2.560000
413  2.620000
414  2.680000
415  2.740000
416  2.780000
417  2.840000
418  2.880000
419  2.920000
420  2.980000
421  3.040000
422  3.080000
423  3.140000
424  3.180000
425  3.220000
426  3.260000
427  3.320000
428  3.340000
429  3.380000
430  3.420000
431  3.440000
432  3.480000
433  3.500000
434  3.540000
435  3.580000
436  3.620000
437  3.620000
438  3.660000
439  3.680000
440  3.700000
441  3.740000
442  3.760000
443  3.760000
444  3.780000
445  3.800000
446  3.820000
447  3.800000
448  3.820000
449  3.820000
450  3.820000
451  0.300000
452  3.860000
453  3.860000
454  3.840000
455  3.820000
456  3.820000
457  3.820000
458  3.820000
459  3.800000
460  3.780000
461  3.780000
462  3.760000
463  3.740000
464  3.720000
465  3.700000
466  3.660000
467  3.660000
468  3.620000
469  3.600000
470  3.560000
471  3.540000
472  3.480000
473  3.460000
474  3.420000
475  3.380000
476  3.360000
477  3.320000
478  3.260000
479  3.240000
480  3.180000
481  3.140000
482  3.100000
483  3.060000
484  3.000000
485  2.960000
486  2.920000
487  2.840000
488  2.800000
489  2.740000
490  2.680000
491  2.620000
492  2.580000
493  2.520000
494  2.480000
495  2.420000
496  2.360000
497  2.300000
498  2.260000
499  2.200000
500  2.120000
501  2.080000
502  2.040000
503  1.980000
504  1.900000
505  1.860000
506  1.800000
507  1.760000
508  1.680000
509  1.600000
510  1.580000
511  1.540000
512  1.460000
513  1.420000
514  1.380000
515  1.300000
516  1.220000
517  1.220000
518  1.160000
519  1.100000
520  1.060000
521  0.980000
522  0.960000
523  0.920000
524  0.880000
525  0.820000
526  0.800000
527  0.740000
528  0.720000
529  0.660000
530  0.620000
531  0.560000
532  0.560000
533  0.540000
534  0.500000
535  0.480000
536  0.460000
537  0.420000
538  0.400000
539  0.380000
540  0.340000
541  0.340000
542  0.340000
543  0.320000
544  0.320000
545  0.300000
546  0.280000
547  0.260000
548  0.260000
549  0.220000
550  0.240000
551  0.240000
552  0.260000
553  0.260000
554  0.280000
555  0.260000
556  0.280000
557  0.300000
558  0.300000
559  0.300000
560  0.340000
561  0.340000
562  0.380000
563  0.400000
564  0.440000
565  0.460000
566  0.480000
567  0.520000
568  0.540000
569  0.560000
570  0.600000
571  0.620000
572  0.660000
573  0.700000
574  0.720000
575  0.780000
576  0.840000
577  0.860000
578  0.900000
579  0.940000
580  0.980000
581  1.040000
582  1.100000
583  1.160000
584  1.200000
585  1.260000
586  1.300000
587  1.360000
588  1.400000
589  1.440000
590  1.520000
591  1.560000
592  1.600000
593  1.660000
594  1.720000
595  1.780000
596  1.800000
597  1.860000
598  1.940000
599  1.980000
600  2.060000
601  2.100000
602  2.160000
603  2.220000
604  2.280000
605  2.340000
606  2.400000
607  2.460000
608  2.500000
609  2.540000
610  2.600000
611  2.660000
612  2.700000
613  2.780000
614  2.800000
615  2.860000
616  2.920000
617  2.960000
618  3.020000
619  3.060000
620  3.120000
621  3.140000
622  3.200000
623  3.240000
624  3.280000
625  3.340000
626  3.360000
627  3.400000
628  3.440000
629  3.480000
630  3.500000
631  3.540000
632  3.560000
633  3.600000
634  3.620000
635  3.660000
636  3.660000
637  3.700000
638  3.720000
639  3.740000
640  3.780000
641  3.800000
642  3.780000
643  3.800000
644  3.820000
645  3.820000
646  3.820000
647  3.840000
648  3.820000
649  3.860000
650  3.860000
651  3.840000
652  3.840000
653  3.820000
654  3.820000
655  3.820000
656  3.800000
657  3.800000
658  3.780000
659  3.780000
660  3.740000
661  3.720000
662  3.700000
663  3.680000
664  3.660000
665  3.640000
666  3.620000
667  3.580000
668  3.540000
669  3.500000
670  3.480000
671  3.440000
672  3.400000
673  3.360000
674  3.340000
675  3.280000
676  3.240000
677  3.200000
678  3.160000
679  3.120000
680  3.060000
681  3.020000
682  2.980000
683  2.920000
684  2.860000
685  2.820000
686  2.760000
687  2.740000
688  2.660000
689  2.600000
690  2.520000
691  2.520000
692  2.440000
693  2.400000
694  2.320000
695  2.260000
696  2.220000
697  2.160000
698  2.100000
699  2.040000
700  1.960000
701  1.920000
702  1.880000
703  1.820000
704  1.760000
705  1.720000
706  1.660000
707  1.600000
708  1.560000
709  1.500000
710  1.440000
711  1.360000
712  1.340000
713  1.260000
714  1.220000
715  1.180000
716  1.120000
717  1.080000
718  1.000000
719  0.960000
720  0.920000
721  0.900000
722  0.860000
723  0.800000
724  0.780000
725  0.720000
726  0.680000
727  0.660000
728  0.600000
729  0.580000
730  0.520000
731  0.520000
732  0.480000
733  0.460000
734  0.440000
735  0.400000
736  0.380000
737  0.380000
738  0.340000
739  0.320000
740  0.300000
741  0.320000
742  0.300000
743  0.280000
744  0.280000
745  0.260000
746  0.260000
747  0.260000
748  0.220000
749  0.260000
750  0.220000
751  0.260000
752  0.280000
753  0.280000
754  0.280000
755  0.300000
756  0.320000
757  0.320000
758  0.340000
759  0.360000
760  0.400000
761  0.420000
762  0.420000
763  0.480000
764  0.520000
765  0.540000
766  0.560000
767  0.580000
768  0.600000
769  0.640000
770  0.680000
771  0.720000
772  0.760000
773  0.800000
774  0.840000
775  0.880000
776  0.940000
777  0.980000
778  1.040000
779  1.060000
780  1.100000
781  1.180000
782  1.220000
783  1.280000
784  1.320000
785  1.380000
786  1.440000
787  1.480000
788  1.520000
789  1.580000
790  1.600000
791  1.720000
792  1.720000
793  1.800000
794  1.860000
795  1.920000
796  1.960000
797  2.040000
798  2.080000
799  2.120000
800  2.200000
801  2.260000
802  2.320000
803  2.380000
804  2.420000
805  2.500000
806  2.540000
807  2.580000
808  2.640000
809  2.700000
810  2.740000
811  2.800000
812  2.860000
813  2.900000
814  2.960000
815  3.000000
816  3.020000
817  3.080000
818  3.140000
819  3.180000
820  3.220000
821  3.280000
822  3.300000
823  3.360000
824  3.400000
825  3.420000
826  3.460000
827  3.500000
828  3.520000
829  3.560000
830  3.600000
831  3.600000
832  3.640000
833  3.660000
834  3.680000
835  3.700000
836  3.740000
837  3.740000
838  3.760000
839  3.780000
840  3.800000
841  3.800000
842  3.800000
843  3.820000
844  3.840000
845  3.840000
846  3.860000
847  3.860000
848  3.860000
849  3.840000
850  3.840000
851  3.840000
852  3.820000
853  3.800000
854  3.800000
855  3.780000
856  3.760000
857  3.760000
858  3.740000
859  3.720000
860  3.680000
861  3.680000
862  3.660000
863  3.620000
864  3.600000
865  3.560000
866  3.540000
867  3.480000
868  3.460000
869  3.440000
870  3.380000
871  3.340000
872  3.300000
873  3.260000
874  3.220000
875  3.160000
876  3.140000
877  3.080000
878  3.040000
879  3.000000
880  2.920000
881  2.880000
882  2.840000
883  2.800000
884  2.740000
885  2.700000
886  2.640000
887  2.560000
888  2.520000
889  2.440000
890  2.400000
891  2.340000
892  2.300000
893  2.240000
894  2.180000
895  2.140000
896  2.060000
897  2.000000
898  1.960000
899  1.880000
900  1.840000
901  1.800000
902  1.740000
903  1.680000
904  1.620000
905  1.560000
906  1.520000
907  1.440000
908  1.380000
909  1.320000
910  1.300000
911  1.240000
912  1.180000
913  1.140000
914  1.100000
915  1.040000
916  1.000000
917  0.940000
918  0.900000
919  0.860000
920  0.820000
921  0.780000
922  0.740000
923  0.700000
924  0.660000
925  0.620000
926  0.600000
927  0.560000
928  0.520000
929  0.500000
930  0.480000
931  0.440000
932  0.420000
933  0.400000
934  0.380000
935  0.360000
936  0.340000
937  0.300000
938  0.300000
939  0.300000
940  0.280000
941  0.280000
942  0.280000
943  0.260000
944  0.260000
945  0.260000
946  0.260000
947  0.240000
948  0.260000
949  0.260000
950  0.280000
951  0.300000
952  0.300000
953  0.300000
954  0.340000
955  0.340000
956  0.360000
957  0.400000
958  0.380000
959  0.400000
960  0.460000
961  0.500000
962  0.520000
963  0.560000
964  0.580000
965  0.600000
966  0.640000
967  0.660000
968  0.660000
969  0.740000
970  0.800000
971  0.820000
972  0.880000
973  0.920000
974  0.940000
975  0.980000
976  1.060000
977  1.100000
978  1.140000
979  1.200000
980  1.240000
981  1.320000
982  1.360000
983  1.420000
984  1.460000
985  1.520000
986  1.560000
987  1.620000
988  1.640000
989  1.720000
990  1.760000
991  1.860000
992  1.900000
993  1.940000
994  2.000000
995  2.060000
996  2.120000
997  2.200000
998  2.220000
999  2.300000
1000  2.340000
1001  2.420000
1002  2.460000
1003  2.520000
1004  2.580000
1005  2.640000
1006  2.660000
1007  2.720000
1008  2.780000
1009  2.820000
1010  2.880000
1011  2.920000
1012  2.980000
1013  3.020000
1014  3.060000
1015  3.120000
1016  3.180000
1017  3.180000
1018  3.240000
1019  3.280000
1020  3.340000
1021  3.360000
1022  3.420000
1023  3.440000
1024  3.480000
1025  3.500000
1026  3.540000
1027  3.580000
1028  3.600000
1029  3.640000
1030  3.640000
1031  3.680000
1032  3.700000
1033  3.720000
1034  3.740000
1035  3.760000
1036  3.780000
1037  3.800000
1038  3.800000
1039  3.820000
1040  3.840000
1041  3.840000
1042  3.840000
1043  3.840000
1044  3.860000
1045  3.840000
1046  3.820000
1047  3.820000
1048  3.820000
1049  3.820000
1050  3.820000
1051  3.800000
1052  3.780000
1053  3.780000
1054  3.740000
1055  3.740000
1056  3.720000
1057  3.700000
1058  3.680000
1059  3.680000
1060  3.620000
1061  3.600000
1062  3.580000
1063  3.540000
1064  3.500000
1065  3.480000
1066  3.420000
1067  3.420000
1068  3.360000
1069  3.340000
1070  3.260000
1071  3.240000
1072  3.180000
1073  3.160000
1074  3.100000
1075  3.060000
1076  3.020000
1077  2.960000
1078  2.900000
1079  2.860000
1080  2.820000
1081  2.760000
1082  2.720000
1083  2.660000
1084  2.600000
1085  2.540000
1086  2.480000
1087  2.440000
1088  2.380000
1089  2.320000
1090  2.280000
1091  2.220000
1092  2.140000
1093  2.100000
1094  2.040000
1095  1.980000
1096  1.900000
1097  1.860000
1098  1.800000
1099  1.760000
1100  1.700000
1101  1.640000
1102  1.580000
1103  1.540000
1104  1.480000
1105  1.440000
1106  1.380000
1107  1.320000
1108  1.260000
1109  1.220000
1110  1.160000
1111  1.120000
1112  1.060000
1113  1.000000
1114  0.980000
1115  0.940000
1116  0.880000
1117  0.820000
1118  0.800000
1119  0.760000
1120  0.720000
1121  0.700000
1122  0.660000
1123  0.620000
1124  0.560000
1125  0.540000
1126  0.500000
1127  0.480000
1128  0.440000
1129  0.420000
1130  0.380000
1131  0.400000
1132  0.360000
1133  0.340000
1134  0.340000
1135  0.300000
1136  0.280000
1137  0.280000
1138  0.260000
1139  0.260000
1140  0.280000
1141  0.260000
1142  0.220000
1143  0.260000
1144  0.260000
1145  0.260000
1146  0.260000
1147  0.260000
1148  0.280000
1149  0.280000
1150  0.300000
1151  0.320000
1152  0.340000
1153  0.340000
1154  0.360000
1155  0.400000
1156  0.420000
1157  0.420000
1158  0.460000
1159  0.500000
1160  0.540000
1161  0.540000
1162  0.600000
1163  0.620000
1164  0.660000
1165  0.720000
1166  0.720000
1167  0.760000
1168  0.820000
1169  0.860000
1170  0.880000
1171  0.940000
1172  0.980000
1173  1.040000
1174  1.080000
1175  1.140000
1176  1.160000
1177  1.220000
1178  1.260000
1179  1.340000
1180  1.400000
1181  1.440000
1182  1.500000
1183  1.560000
1184  1.580000
1185  1.660000
1186  1.700000
1187  1.760000
1188  1.800000
1189  1.880000
1190  1.920000
1191  1.980000
1192  2.040000
1193  2.100000
1194  2.160000
1195  2.220000
1196  2.260000
1197  2.320000
1198  2.380000
1199  2.460000
1200  2.480000
1201  2.540000
1202  2.600000
1203  2.660000
1204  2.720000
1205  2.760000
1206  2.800000
1207  2.860000
1208  2.880000
1209  2.960000
1210  3.000000
1211  3.060000
1212  3.080000
1213  3.140000
1214  3.180000
1215  3.220000
1216  3.260000
1217  3.320000
1218  3.380000
1219  3.380000
1220  3.440000
1221  3.480000
1222  3.500000
1223  3.520000
1224  3.560000
1225  3.580000
1226  3.620000
1227  3.640000
1228  3.640000
1229  3.680000
1230  3.720000
1231  3.720000
1232  3.760000
1233  3.760000
1234  3.780000
1235  3.780000
1236  3.820000
1237  3.820000
1238  0.300000
1239  3.840000
1240  3.840000
1241  3.880000
1242  3.860000
1243  3.860000
1244  3.840000
1245  3.860000
1246  3.820000
1247  3.820000
1248  3.820000
1249  3.800000
1250  3.760000
1251  3.760000
1252  3.760000
1253  3.740000
1254  3.720000
1255  3.700000
1256  3.660000
1257  3.640000
1258  3.620000
1259  3.560000
1260  3.560000
1261  3.520000
1262  3.500000
1263  3.460000
1264  3.420000
1265  3.380000
1266  3.340000
1267  3.300000
1268  3.260000
1269  3.200000
1270  3.180000
1271  3.140000
1272  3.080000
1273  3.040000
1274  2.980000
1275  2.920000
1276  2.860000
1277  2.820000
1278  2.760000
1279  2.740000
1280  2.680000
1281  2.620000
1282  2.580000
1283  2.520000
1284  2.460000
1285  2.400000
1286  2.360000
1287  2.300000
1288  2.240000
1289  2.180000
1290  2.120000
1291  2.060000
1292  2.000000
1293  1.940000
1294  1.880000
1295  1.840000
1296  1.760000
1297  1.700000
1298  1.660000
1299  1.600000
1300  1.560000
1301  1.500000
1302  1.460000
1303  1.400000
1304  1.340000
1305  1.280000
1306  1.200000
1307  1.180000
1308  1.120000
1309  1.080000
1310  1.040000
1311  1.000000
1312  0.940000
1313  0.900000
1314  0.860000
1315  0.800000
1316  0.760000
1317  0.720000
1318  0.680000
1319  0.640000
1320  0.620000
1321  0.600000
1322  0.560000
1323  0.540000
1324  0.500000
1325  0.460000
1326  0.440000
1327  0.400000
1328  0.380000
1329  0.380000
1330  0.360000
1331  0.340000
1332  0.320000
1333  0.300000
1334  0.300000
1335  0.260000
1336  0.260000
1337  0.220000
1338  0.260000
1339  0.260000
1340  0.220000
1341  0.260000
1342  0.260000
1343  0.260000
1344  0.280000
1345  0.260000
1346  0.260000
1347  0.300000
1348  0.340000
1349  0.340000
1350  0.360000
1351  0.360000
1352  0.400000
1353  0.420000
1354  0.440000
1355  0.440000
1356  0.460000
1357  0.500000
1358  0.540000
1359  0.580000
1360  0.620000
1361  0.660000
1362  0.680000
1363  0.740000
1364  0.760000
1365  0.780000
1366  0.820000
1367  0.860000
1368  0.920000
1369  0.980000
1370  1.020000
1371  1.060000
1372  1.100000
1373  1.160000
1374  1.200000
1375  1.240000
1376  1.300000
1377  1.360000
1378  1.400000
1379  1.480000
1380  1.520000
1381  1.580000
1382  1.620000
1383  1.680000
1384  1.740000
1385  1.800000
1386  1.840000
1387  1.900000
1388  1.960000
1389  2.020000
1390  2.080000
1391  2.140000
1392  2.200000
1393  2.260000
1394  2.300000
1395  2.360000
1396  2.400000
1397  2.480000
1398  2.520000
1399  2.580000
1400  2.640000
1401  2.680000
1402  2.740000
1403  2.780000
1404  2.840000
1405  2.860000
1406  2.940000
1407  3.000000
1408  3.020000
1409  3.080000
1410  3.120000
1411  3.160000
1412  3.200000
1413  3.260000
1414  3.280000
1415  3.340000
1416  3.380000
1417  3.420000
1418  3.460000
1419  3.480000
1420  3.500000
1421  3.560000
1422  3.580000
1423  3.600000
1424  3.640000
1425  3.660000
1426  3.680000
1427  3.700000
1428  3.720000
1429  3.740000
1430  3.740000
1431  3.780000
1432  3.800000
1433  3.800000
1434  3.820000
1435  3.820000
1436  0.300000
1437  3.840000
1438  3.840000
1439  3.860000
1440  3.840000
1441  3.860000
1442  3.840000
1443  3.820000
1444  3.820000
1445  3.820000
1446  3.800000
1447  3.800000
1448  3.760000
1449  3.740000
1450  3.740000
1451  3.720000
1452  3.680000
1453  3.680000
1454  3.640000
1455  3.620000
1456  3.600000
1457  3.560000
1458  3.520000
1459  3.500000
1460  3.480000
1461  3.440000
1462  3.400000
1463  3.360000
1464  3.300000
1465  3.280000
1466  3.240000
1467  3.160000
1468  3.140000
1469  3.100000
1470  3.040000
1471  2.980000
1472  2.940000
1473  2.900000
1474  2.860000
1475  2.800000
1476  2.740000
1477  2.700000
1478  2.640000
1479  2.600000
1480  2.520000
1481  2.500000
1482  2.440000
1483  2.380000
1484  2.320000
1485  2.260000
1486  2.200000
1487  2.120000
1488  2.080000
1489  2.020000
1490  1.960000
1491  1.900000
1492  1.860000
1493  1.800000
1494  1.740000
1495  1.680000
1496  1.600000
1497  1.580000
1498  1.540000
1499  1.480000
1500  1.420000
1501  1.380000
1502  1.280000
1503  1.280000
1504  1.200000
1505  1.140000
1506  1.100000
1507  1.060000
1508  1.000000
1509  0.980000
1510  0.920000
1511  0.880000
1512  0.840000
1513  0.780000
1514  0.740000
1515  0.700000
1516  0.660000
1517  0.620000
1518  0.620000
1519  0.580000
1520  0.540000
1521  0.520000
1522  0.500000
1523  0.460000
1524  0.420000
1525  0.400000
1526  0.380000
1527  0.340000
1528  0.340000
1529  0.320000
1530  0.320000
1531  0.300000
1532  0.280000
1533  0.280000
1534  0.260000
1535  0.240000
1536  0.240000
1537  0.240000
1538  0.240000
1539  0.260000
1540  0.260000
1541  0.280000
1542  0.280000
1543  0.300000
1544  0.300000
1545  0.300000
1546  0.280000
1547  0.340000
1548  0.360000
1549  0.360000
1550  0.420000
1551  0.420000
1552  0.460000
1553  0.480000
1554  0.480000
1555  0.500000
1556  0.560000
1557  0.600000
1558  0.640000
1559  0.660000
1560  0.700000
1561  0.740000
1562  0.780000
1563  0.820000
1564  0.860000
1565  0.900000
1566  0.940000
1567  1.000000
1568  1.060000
1569  1.080000
1570  1.140000
1571  1.180000
1572  1.240000
1573  1.280000
1574  1.320000
1575  1.380000
1576  1.440000
1577  1.520000
1578  1.560000
1579  1.600000
1580  1.680000
1581  1.720000
1582  1.780000
1583  1.820000
1584  1.860000
1585  1.940000
1586  2.000000
1587  2.060000
1588  2.100000
1589  2.180000
1590  2.220000
1591  2.280000
1592  2.320000
1593  2.400000
1594  2.440000
1595  2.500000
1596  2.540000
1597  2.600000
1598  2.660000
1599  2.720000
1600  2.760000
1601  2.820000
1602  2.860000
1603  2.920000
1604  2.960000
1605  3.020000
1606  3.060000
1607  3.100000
1608  3.160000
1609  3.180000
1610  3.220000
1611  3.280000
1612  3.320000
1613  3.360000
1614  3.400000
1615  3.440000
1616  3.460000
1617  3.520000
1618  3.540000
1619  3.560000
1620  3.600000
1621  3.620000
1622  3.640000
1623  3.680000
1624  3.700000
1625  3.720000
1626  3.720000
1627  3.760000
1628  3.760000
1629  3.780000
1630  3.820000
1631  3.820000
1632  3.820000
1633  3.820000
1634  3.820000
1635  0.300000
1636  3.860000
1637  3.860000
1638  3.860000
1639  3.820000
1640  3.820000
1641  3.820000
1642  3.820000
1643  3.820000
1644  3.780000
1645  3.780000
1646  3.760000
1647  3.720000
1648  3.720000
1649  3.700000
1650  3.680000
1651  3.660000
1652  3.620000
1653  3.600000
1654  3.580000
1655  3.540000
1656  3.520000
1657  3.480000
1658  3.460000
1659  3.400000
1660  3.360000
1661  3.340000
1662  3.300000
1663  3.260000
1664  3.200000
1665  3.160000
1666  3.100000
1667  3.080000
1668  3.020000
1669  2.960000
1670  2.920000
1671  2.860000
1672  2.820000
1673  2.760000
1674  2.720000
1675  2.660000
1676  2.620000
1677  2.560000
1678  2.500000
1679  2.460000
1680  2.400000
1681  2.340000
1682  2.280000
1683  2.220000
1684  2.140000
1685  2.120000
1686  2.060000
1687  1.980000
1688  1.940000
1689  1.880000
1690  1.820000
1691  1.760000
1692  1.700000
1693  1.620000
1694  1.580000
1695  1.540000
1696  1.500000
1697  1.440000
1698  1.380000
1699  1.340000
1700  1.280000
1701  1.220000
1702  1.180000
1703  1.140000
1704  1.060000
1705  1.000000
1706  0.980000
1707  0.940000
1708  0.880000
1709  0.840000
1710  0.820000
1711  0.760000
1712  0.720000
1713  0.660000
1714  0.660000
1715  0.600000
1716  0.580000
1717  0.560000
1718  0.520000
1719  0.500000
1720  0.480000
1721  0.440000
1722  0.420000
1723  0.380000
1724  0.360000
1725  0.320000
1726  0.320000
1727  0.320000
1728  0.300000
1729  0.280000
1730  0.300000
1731  0.260000
1732  0.260000
1733  0.240000
1734  0.220000
1735  0.220000
1736  0.240000
1737  0.260000
1738  0.280000
1739  0.280000
1740  0.280000
1741  0.300000
1742  0.320000
1743  0.320000
1744  0.320000
1745  0.360000
1746  0.360000
1747  0.400000
1748  0.420000
1749  0.440000
1750  0.460000
1751  0.500000
1752  0.520000
1753  0.540000
1754  0.560000
1755  0.600000
1756  0.640000
1757  0.700000
1758  0.720000
1759  0.780000
1760  0.820000
1761  0.840000
1762  0.880000
1763  0.940000
1764  0.960000
1765  1.000000
1766  1.080000
1767  1.140000
1768  1.160000
1769  1.220000
1770  1.260000
1771  1.320000
1772  1.380000
1773  1.440000
1774  1.440000
1775  1.520000
1776  1.580000
1777  1.640000
1778  1.700000
1779  1.760000
1780  1.800000
1781  1.860000
1782  1.920000
1783  1.960000
1784  2.020000
1785  2.100000
1786  2.120000
1787  2.200000
1788  2.260000
1789  2.300000
1790  2.360000
1791  2.400000
1792  2.480000
1793  2.520000
1794  0.020000
1795  2.640000
1796  2.700000
1797  2.740000
1798  2.800000
1799  2.840000
1800  2.900000
1801  2.960000
1802  3.000000
1803  3.040000
1804  3.100000
1805  3.120000
1806  3.160000
1807  3.220000
1808  3.260000
1809  3.300000
1810  3.340000
1811  3.380000
1812  3.420000
1813  3.460000
1814  3.480000
1815  3.520000
1816  3.560000
1817  3.600000
1818  3.600000
1819  3.640000
1820  3.660000
1821  3.680000
1822  3.720000
1823  3.740000
1824  3.720000
1825  3.780000
1826  3.780000
1827  3.800000
1828  3.800000
1829  3.820000
1830  3.820000
1831  3.840000
1832  3.840000
1833  3.820000
1834  3.860000
1835  3.860000
1836  3.840000
1837  3.840000
1838  3.820000
1839  3.820000
1840  3.800000
1841  3.800000
1842  3.780000
1843  3.780000
1844  3.760000
1845  3.740000
1846  3.700000
1847  3.700000
1848  3.660000
1849  3.640000
1850  3.620000
1851  3.600000
1852  3.540000
1853  3.500000
1854  3.500000
1855  3.460000
1856  3.420000
1857  3.400000
1858  3.340000
1859  3.320000
1860  3.280000
1861  3.220000
1862  3.180000
1863  3.140000
1864  3.080000
1865  3.040000
1866  3.000000
1867  2.940000
1868  2.900000
1869  2.840000
1870  2.800000
1871  2.740000
1872  2.700000
1873  2.620000
1874  2.560000
1875  2.520000
1876  2.480000
1877  2.420000
1878  2.380000
1879  2.320000
1880  2.240000
1881  2.220000
1882  2.120000
1883  2.080000
1884  2.020000
1885  1.940000
1886  1.900000
1887  1.840000
1888  1.780000
1889  1.720000
1890  1.680000
1891  1.620000
1892  1.560000
1893  1.500000
1894  1.460000
1895  1.400000
1896  1.360000
1897  1.320000
1898  1.240000
1899  1.220000
1900  1.160000
1901  1.120000
1902  1.040000
1903  1.000000
1904  0.940000
1905  0.880000
1906  0.860000
1907  0.820000
1908  0.780000
1909  0.740000
1910  0.680000
1911  0.660000
1912  0.620000
1913  0.580000
1914  0.560000
1915  0.500000
1916  0.500000
1917  0.480000
1918  0.440000
1919  0.440000
1920  0.400000
1921  0.380000
1922  0.360000
1923  0.340000
1924  0.320000
1925  0.300000
1926  0.300000
1927  0.280000
1928  0.280000
1929  0.260000
1930  0.260000
1931  0.240000
1932  0.240000
1933  0.220000
1934  0.220000
1935  0.240000
1936  0.260000
1937  0.280000
1938  0.300000
1939  0.300000
1940  0.320000
1941  0.340000
1942  0.340000
1943  0.360000
1944  0.380000
1945  0.400000
1946  0.420000
1947  0.460000
1948  0.480000
1949  0.520000
1950  0.540000
1951  0.560000
1952  0.580000
1953  0.620000
1954  0.660000
1955  0.700000
1956  0.760000
1957  0.800000
1958  0.840000
1959  0.880000
1960  0.920000
1961  0.960000
1962  0.960000
1963  1.020000
1964  1.100000
1965  1.140000
1966  1.200000
1967  1.240000
1968  1.300000
1969  1.360000
1970  1.380000
1971  1.460000
1972  1.500000
1973  1.560000
1974  1.620000
1975  1.680000
1976  1.720000
1977  1.780000
1978  1.840000
1979  1.880000
1980  1.960000
1981  2.020000
1982  2.060000
1983  2.120000
1984  2.180000
1985  2.220000
1986  2.280000
1987  2.340000
1988  2.400000
1989  2.460000
1990  2.520000
1991  2.560000
1992  2.620000
1993  2.660000
1994  2.720000
1995  2.780000
1996  2.840000
1997  2.860000
1998  2.920000
1999  2.960000
2000  3.020000
2001  3.080000
2002  3.120000
2003  3.160000
2004  3.200000
2005  3.260000
2006  3.280000
2007  3.320000
2008  3.360000
2009  3.420000
2010  3.440000
2011  3.460000
2012  3.500000
2013  3.520000
2014  3.580000
2015  3.600000
2016  3.620000
2017  3.660000
2018  3.680000
2019  3.700000
2020  3.720000
2021  3.740000
2022  3.760000
2023  3.780000
2024  3.800000
2025  3.800000
2026  3.800000
2027  3.800000
2028  3.820000
2029  3.840000
2030  3.840000
2031  3.880000
2032  3.820000
2033  3.860000
2034  3.840000
2035  3.840000
2036  3.820000
2037  3.820000
2038  3.800000
2039  3.780000
2040  3.800000
2041  3.760000
2042  3.740000
2043  3.740000
2044  3.680000
2045  3.680000
2046  3.660000
2047  3.620000
2048  0.000000
