Nama File =sin500H_1k.dat
Time Samplig =0.0010
1  3.320000
2  2.080000
3  0.300000
4  2.720000
5  1.360000
6  2.800000
7  1.300000
8  2.860000
9  1.220000
10  2.920000
11  1.160000
12  2.980000
13  1.100000
14  3.060000
15  1.060000
16  3.100000
17  1.000000
18  3.160000
19  0.920000
20  3.220000
21  0.860000
22  3.260000
23  0.820000
24  3.320000
25  0.760000
26  3.340000
27  0.720000
28  3.400000
29  0.660000
30  3.460000
31  0.600000
32  3.480000
33  0.580000
34  3.540000
35  0.560000
36  3.580000
37  0.500000
38  3.620000
39  0.480000
40  3.640000
41  0.440000
42  3.680000
43  0.400000
44  3.700000
45  0.380000
46  3.720000
47  0.360000
48  3.760000
49  0.340000
50  3.780000
51  0.300000
52  3.800000
53  0.300000
54  3.820000
55  0.300000
56  3.820000
57  0.280000
58  3.820000
59  0.260000
60  3.820000
61  0.240000
62  3.840000
63  0.260000
64  3.860000
65  0.220000
66  3.840000
67  0.260000
68  3.820000
69  0.260000
70  3.820000
71  0.280000
72  3.820000
73  0.300000
74  3.800000
75  0.320000
76  3.800000
77  0.340000
78  3.780000
79  0.360000
80  3.760000
81  0.360000
82  3.720000
83  0.400000
84  3.700000
85  0.420000
86  3.680000
87  0.460000
88  3.640000
89  0.480000
90  3.620000
91  0.520000
92  3.580000
93  0.560000
94  3.540000
95  0.620000
96  3.500000
97  0.640000
98  3.460000
99  0.680000
100  3.400000
101  0.740000
102  3.360000
103  0.780000
104  3.300000
105  0.840000
106  3.240000
107  0.900000
108  3.180000
109  0.940000
110  3.140000
111  1.020000
112  3.080000
113  1.080000
114  3.040000
115  1.140000
116  2.960000
117  1.200000
118  2.900000
119  1.260000
120  2.840000
121  1.320000
122  2.780000
123  1.400000
124  2.700000
125  1.440000
126  2.640000
127  1.520000
128  2.580000
129  1.580000
130  2.500000
131  1.640000
132  2.440000
133  1.720000
134  2.380000
135  1.800000
136  2.300000
137  1.840000
138  2.240000
139  1.900000
140  2.140000
141  2.000000
142  2.100000
143  2.080000
144  2.020000
145  2.140000
146  1.960000
147  2.220000
148  1.880000
149  2.280000
150  1.780000
151  2.360000
152  1.720000
153  2.420000
154  1.660000
155  2.500000
156  1.600000
157  2.560000
158  1.540000
159  2.600000
160  1.460000
161  2.700000
162  1.400000
163  2.760000
164  1.340000
165  2.800000
166  1.260000
167  2.860000
168  1.200000
169  2.960000
170  1.140000
171  3.000000
172  1.100000
173  3.060000
174  1.020000
175  3.120000
176  0.980000
177  3.160000
178  0.920000
179  3.240000
180  0.820000
181  3.280000
182  0.800000
183  3.320000
184  0.740000
185  3.380000
186  0.700000
187  3.420000
188  0.660000
189  3.480000
190  0.580000
191  3.520000
192  0.580000
193  3.540000
194  0.540000
195  3.580000
196  0.500000
197  3.620000
198  0.480000
199  3.600000
200  0.400000
201  3.680000
202  0.420000
203  3.700000
204  0.400000
205  3.720000
206  0.360000
207  3.760000
208  0.320000
209  3.760000
210  0.300000
211  3.780000
212  0.300000
213  3.820000
214  0.300000
215  3.800000
216  0.280000
217  3.820000
218  0.260000
219  3.840000
220  0.260000
221  3.860000
222  0.240000
223  3.860000
224  0.240000
225  3.840000
226  0.260000
227  3.800000
228  0.260000
229  3.820000
230  0.260000
231  3.820000
232  0.300000
233  3.800000
234  0.320000
235  3.800000
236  0.340000
237  3.760000
238  0.360000
239  3.760000
240  0.380000
241  3.720000
242  0.400000
243  3.680000
244  0.440000
245  3.660000
246  0.460000
247  3.640000
248  0.500000
249  3.600000
250  0.500000
251  3.560000
252  0.580000
253  3.540000
254  0.600000
255  3.480000
256  0.660000
257  3.460000
258  0.680000
259  3.380000
260  0.760000
261  3.340000
262  0.800000
263  3.300000
264  0.840000
265  3.240000
266  0.920000
267  3.180000
268  0.960000
269  3.140000
270  1.020000
271  3.060000
272  1.100000
273  3.000000
274  1.140000
275  2.960000
276  1.200000
277  2.880000
278  1.260000
279  2.840000
280  1.320000
281  2.760000
282  1.400000
283  2.700000
284  1.460000
285  2.640000
286  1.520000
287  2.540000
288  1.580000
289  2.500000
290  1.640000
291  2.440000
292  1.720000
293  2.360000
294  1.820000
295  2.300000
296  1.880000
297  2.220000
298  1.940000
299  2.120000
300  2.020000
301  2.080000
302  2.080000
303  2.000000
304  2.160000
305  1.920000
306  2.220000
307  1.860000
308  2.280000
309  1.780000
310  2.380000
311  1.720000
312  2.440000
313  1.660000
314  2.500000
315  1.600000
316  2.560000
317  1.520000
318  2.620000
319  1.440000
320  2.680000
321  1.380000
322  2.760000
323  1.320000
324  2.820000
325  1.260000
326  2.880000
327  1.200000
328  2.960000
329  1.100000
330  3.020000
331  1.080000
332  3.080000
333  1.020000
334  3.140000
335  0.960000
336  3.180000
337  0.900000
338  3.240000
339  0.760000
340  3.280000
341  0.800000
342  3.320000
343  0.760000
344  3.380000
345  0.680000
346  3.420000
347  0.620000
348  3.460000
349  0.600000
350  3.520000
351  0.560000
352  3.560000
353  0.540000
354  3.580000
355  0.500000
356  3.620000
357  0.460000
358  3.660000
359  0.440000
360  3.700000
361  0.400000
362  3.720000
363  0.380000
364  3.740000
365  0.360000
366  3.760000
367  0.300000
368  3.800000
369  0.300000
370  3.800000
371  0.300000
372  3.820000
373  0.280000
374  3.840000
375  0.280000
376  3.840000
377  0.260000
378  3.840000
379  0.240000
380  3.840000
381  0.240000
382  3.860000
383  0.240000
384  3.840000
385  0.260000
386  3.820000
387  0.260000
388  3.820000
389  0.260000
390  3.820000
391  0.300000
392  3.800000
393  0.340000
394  3.800000
395  0.320000
396  3.760000
397  0.360000
398  3.740000
399  0.380000
400  3.720000
401  0.420000
402  3.680000
403  0.440000
404  3.640000
405  0.480000
406  3.620000
407  0.480000
408  3.600000
409  0.560000
410  3.560000
411  0.580000
412  3.500000
413  0.620000
414  3.480000
415  0.680000
416  3.440000
417  0.700000
418  3.400000
419  0.760000
420  3.320000
421  0.820000
422  3.280000
423  0.860000
424  3.240000
425  0.900000
426  3.160000
427  0.980000
428  3.120000
429  1.020000
430  3.060000
431  1.100000
432  3.000000
433  1.160000
434  2.960000
435  1.220000
436  2.860000
437  1.260000
438  2.800000
439  1.340000
440  2.760000
441  1.400000
442  2.680000
443  1.480000
444  2.620000
445  1.540000
446  2.540000
447  1.580000
448  2.440000
449  1.680000
450  2.400000
451  1.740000
452  2.360000
453  1.820000
454  2.280000
455  1.880000
456  2.200000
457  1.940000
458  2.140000
459  2.020000
460  2.060000
461  2.080000
462  2.000000
463  2.160000
464  1.920000
465  2.220000
466  1.860000
467  2.320000
468  1.760000
469  2.380000
470  1.720000
471  2.440000
472  1.640000
473  2.520000
474  1.580000
475  2.580000
476  1.500000
477  2.640000
478  1.440000
479  2.700000
480  1.380000
481  2.760000
482  1.300000
483  2.840000
484  1.240000
485  2.880000
486  1.180000
487  2.960000
488  1.100000
489  3.020000
490  1.080000
491  3.080000
492  1.020000
493  3.140000
494  0.940000
495  3.180000
496  0.880000
497  3.220000
498  0.820000
499  3.300000
500  0.800000
501  3.340000
502  0.740000
503  3.380000
504  0.680000
505  3.440000
506  0.620000
507  3.480000
508  0.580000
509  3.520000
510  0.560000
511  3.560000
512  0.520000
513  3.600000
514  0.500000
515  3.640000
516  0.440000
517  3.680000
518  0.420000
519  3.700000
520  0.400000
521  3.720000
522  0.360000
523  3.740000
524  0.340000
525  3.760000
526  0.300000
527  3.800000
528  0.280000
529  3.800000
530  0.300000
531  3.820000
532  0.280000
533  3.820000
534  0.280000
535  3.820000
536  0.260000
537  3.840000
538  0.240000
539  3.840000
540  0.260000
541  3.840000
542  0.260000
543  3.820000
544  0.260000
545  3.820000
546  0.260000
547  3.820000
548  0.220000
549  3.840000
550  0.280000
551  3.800000
552  0.320000
553  3.780000
554  0.320000
555  3.760000
556  0.340000
557  3.760000
558  0.380000
559  3.720000
560  0.400000
561  3.680000
562  0.440000
563  3.660000
564  0.480000
565  3.640000
566  0.480000
567  3.560000
568  0.540000
569  3.540000
570  0.600000
571  3.500000
572  0.620000
573  3.480000
574  0.680000
575  3.420000
576  0.720000
577  3.380000
578  0.760000
579  3.320000
580  0.820000
581  3.280000
582  0.860000
583  3.240000
584  0.920000
585  3.160000
586  0.960000
587  3.100000
588  1.020000
589  3.080000
590  1.100000
591  3.000000
592  1.160000
593  2.940000
594  1.200000
595  2.860000
596  1.260000
597  2.800000
598  1.360000
599  2.740000
600  1.400000
601  2.680000
602  1.480000
603  2.600000
604  1.560000
605  2.540000
606  1.580000
607  2.480000
608  1.680000
609  2.420000
610  1.740000
611  2.360000
612  1.820000
613  2.280000
614  1.900000
615  2.200000
616  1.940000
617  2.140000
618  2.020000
619  2.060000
620  2.100000
621  2.000000
622  2.160000
623  1.920000
624  2.220000
625  1.840000
626  2.260000
627  1.780000
628  2.380000
629  1.720000
630  2.460000
631  1.620000
632  2.520000
633  1.580000
634  2.580000
635  1.500000
636  2.640000
637  1.440000
638  2.720000
639  1.380000
640  2.780000
641  1.320000
642  2.840000
643  1.240000
644  2.900000
645  1.180000
646  2.960000
647  1.100000
648  3.040000
649  1.080000
650  3.080000
651  1.020000
652  3.140000
653  0.940000
654  3.180000
655  0.880000
656  3.260000
657  0.820000
658  3.300000
659  0.760000
660  3.340000
661  0.760000
662  3.380000
663  0.680000
664  3.420000
665  0.620000
666  3.480000
667  0.600000
668  3.520000
669  0.560000
670  3.560000
671  0.540000
672  3.600000
673  0.500000
674  3.640000
675  0.440000
676  3.660000
677  0.420000
678  3.680000
679  0.400000
680  3.720000
681  0.360000
682  3.740000
683  0.340000
684  3.760000
685  0.300000
686  3.760000
687  0.300000
688  3.800000
689  0.300000
690  3.820000
691  0.280000
692  3.820000
693  0.280000
694  3.820000
695  0.240000
696  3.860000
697  0.260000
698  3.860000
699  0.240000
700  3.840000
701  0.260000
702  3.820000
703  0.240000
704  3.820000
705  0.260000
706  3.820000
707  0.280000
708  3.820000
709  0.300000
710  3.800000
711  0.320000
712  3.780000
713  0.340000
714  3.760000
715  0.340000
716  3.740000
717  0.380000
718  3.700000
719  0.400000
720  3.680000
721  0.440000
722  3.660000
723  0.480000
724  3.620000
725  0.500000
726  3.600000
727  0.560000
728  3.560000
729  0.600000
730  3.500000
731  0.620000
732  3.480000
733  0.680000
734  3.420000
735  0.720000
736  3.380000
737  0.760000
738  3.340000
739  0.820000
740  3.280000
741  0.860000
742  3.220000
743  0.920000
744  3.140000
745  0.980000
746  3.120000
747  1.040000
748  3.060000
749  1.100000
750  3.000000
751  1.160000
752  2.960000
753  1.220000
754  2.860000
755  1.260000
756  2.820000
757  1.340000
758  2.740000
759  1.400000
760  2.680000
761  1.480000
762  2.600000
763  1.560000
764  2.540000
765  1.600000
766  2.480000
767  1.680000
768  2.420000
769  1.760000
770  2.340000
771  1.820000
772  2.280000
773  1.880000
774  2.200000
775  1.960000
776  2.140000
777  2.020000
778  2.060000
779  2.100000
780  1.980000
781  2.160000
782  1.940000
783  2.220000
784  1.840000
785  2.300000
786  1.780000
787  2.380000
788  1.740000
789  2.440000
790  1.640000
791  2.520000
792  1.580000
793  2.580000
794  1.500000
795  2.640000
796  1.440000
797  2.700000
798  1.380000
799  2.760000
800  1.320000
801  2.840000
802  1.240000
803  2.900000
804  1.200000
805  2.940000
806  1.120000
807  3.020000
808  1.080000
809  3.080000
810  1.020000
811  3.140000
812  0.960000
813  3.180000
814  0.880000
815  3.240000
816  0.840000
817  3.280000
818  0.780000
819  3.320000
820  0.740000
821  3.380000
822  0.680000
823  3.460000
824  0.620000
825  3.480000
826  0.600000
827  3.520000
828  0.580000
829  3.560000
830  0.520000
831  3.580000
832  0.480000
833  3.640000
834  0.400000
835  3.680000
836  0.440000
837  3.680000
838  0.400000
839  3.700000
840  0.360000
841  3.740000
842  0.340000
843  3.760000
844  0.320000
845  3.780000
846  0.300000
847  3.800000
848  0.300000
849  3.820000
850  0.280000
851  3.820000
852  0.280000
853  3.820000
854  0.240000
855  3.840000
856  0.240000
857  3.860000
858  0.240000
859  3.860000
860  0.260000
861  3.840000
862  0.260000
863  3.820000
864  0.240000
865  3.820000
866  0.300000
867  3.820000
868  0.300000
869  3.800000
870  0.320000
871  3.780000
872  0.340000
873  3.740000
874  0.360000
875  3.760000
876  0.380000
877  3.720000
878  0.420000
879  3.680000
880  0.440000
881  3.640000
882  0.480000
883  3.620000
884  0.500000
885  3.600000
886  0.540000
887  3.560000
888  0.600000
889  3.500000
890  0.620000
891  3.480000
892  0.640000
893  3.440000
894  0.720000
895  3.360000
896  0.760000
897  3.320000
898  0.820000
899  3.280000
900  0.880000
901  3.220000
902  0.920000
903  3.180000
904  0.960000
905  3.100000
906  1.040000
907  3.060000
908  1.100000
909  3.000000
910  1.160000
911  2.940000
912  1.220000
913  2.860000
914  1.280000
915  2.820000
916  1.340000
917  2.740000
918  1.420000
919  2.680000
920  1.480000
921  2.600000
922  1.560000
923  2.520000
924  1.600000
925  2.480000
926  1.680000
927  2.420000
928  1.760000
929  2.340000
930  1.820000
931  2.280000
932  1.880000
933  2.200000
934  1.980000
935  2.120000
936  2.020000
937  2.060000
938  2.100000
939  1.980000
940  2.180000
941  1.900000
942  2.220000
943  1.840000
944  2.340000
945  1.780000
946  2.400000
947  1.700000
948  2.460000
949  1.640000
950  2.520000
951  1.540000
952  2.600000
953  1.500000
954  2.660000
955  1.440000
956  2.720000
957  1.360000
958  2.780000
959  1.300000
960  2.840000
961  1.220000
962  2.920000
963  1.160000
964  2.960000
965  1.120000
966  3.020000
967  1.060000
968  3.100000
969  1.000000
970  3.140000
971  0.940000
972  3.180000
973  0.860000
974  3.260000
975  0.820000
976  3.300000
977  0.780000
978  3.360000
979  0.720000
980  3.400000
981  0.680000
982  3.440000
983  0.620000
984  3.500000
985  0.580000
986  3.520000
987  0.540000
988  3.580000
989  0.520000
990  3.600000
991  0.480000
992  3.640000
993  0.440000
994  3.660000
995  0.420000
996  3.700000
997  0.400000
998  3.720000
999  0.360000
1000  3.740000
1001  0.340000
1002  3.780000
1003  0.300000
1004  3.780000
1005  0.300000
1006  3.800000
1007  0.300000
1008  3.820000
1009  0.280000
1010  3.820000
1011  0.260000
1012  3.820000
1013  0.240000
1014  3.840000
1015  0.260000
1016  3.840000
1017  0.240000
1018  3.840000
1019  0.260000
1020  3.820000
1021  0.260000
1022  3.820000
1023  0.260000
1024  3.840000
1025  0.300000
1026  3.800000
1027  0.300000
1028  3.800000
1029  0.320000
1030  3.780000
1031  0.320000
1032  3.760000
1033  0.360000
1034  3.740000
1035  0.380000
1036  3.700000
1037  0.420000
1038  3.660000
1039  0.460000
1040  3.660000
1041  0.480000
1042  3.620000
1043  0.480000
1044  3.580000
1045  0.560000
1046  3.540000
1047  0.620000
1048  3.500000
1049  0.640000
1050  3.460000
1051  0.680000
1052  3.420000
1053  0.720000
1054  3.360000
1055  0.760000
1056  3.320000
1057  0.840000
1058  3.280000
1059  0.880000
1060  3.200000
1061  0.940000
1062  3.180000
1063  0.960000
1064  3.100000
1065  1.060000
1066  3.060000
1067  1.120000
1068  3.020000
1069  1.160000
1070  2.920000
1071  1.200000
1072  2.860000
1073  1.280000
1074  2.800000
1075  1.360000
1076  2.720000
1077  1.420000
1078  2.660000
1079  1.500000
1080  2.580000
1081  1.560000
1082  2.520000
1083  1.620000
1084  2.460000
1085  1.680000
1086  2.420000
1087  1.760000
1088  2.340000
1089  1.840000
1090  2.260000
1091  1.900000
1092  2.200000
1093  1.940000
1094  2.120000
1095  2.040000
1096  2.040000
1097  2.100000
1098  1.980000
1099  2.180000
1100  1.900000
1101  2.220000
1102  1.820000
1103  2.320000
1104  1.760000
1105  2.400000
1106  1.700000
1107  2.480000
1108  1.620000
1109  2.540000
1110  1.560000
1111  2.600000
1112  1.480000
1113  2.660000
1114  1.420000
1115  2.740000
1116  1.360000
1117  2.800000
1118  1.300000
1119  2.840000
1120  1.220000
1121  2.920000
1122  1.140000
1123  2.940000
1124  1.120000
1125  3.040000
1126  1.060000
1127  3.100000
1128  1.000000
1129  3.160000
1130  0.940000
1131  3.180000
1132  0.840000
1133  3.260000
1134  0.820000
1135  3.300000
1136  0.780000
1137  3.360000
1138  0.720000
1139  3.400000
1140  0.680000
1141  3.460000
1142  0.620000
1143  3.480000
1144  0.580000
1145  3.520000
1146  0.560000
1147  3.560000
1148  0.520000
1149  3.620000
1150  0.480000
1151  3.640000
1152  0.420000
1153  3.660000
1154  0.420000
1155  3.700000
1156  0.380000
1157  3.720000
1158  0.360000
1159  3.740000
1160  0.340000
1161  3.780000
1162  0.300000
1163  3.800000
1164  0.320000
1165  3.800000
1166  0.300000
1167  3.820000
1168  0.280000
1169  3.820000
1170  0.260000
1171  3.820000
1172  0.240000
1173  3.860000
1174  0.240000
1175  3.840000
1176  0.240000
1177  3.840000
1178  0.240000
1179  3.820000
1180  0.260000
1181  3.820000
1182  0.240000
1183  3.840000
1184  0.280000
1185  3.820000
1186  0.300000
1187  3.800000
1188  0.320000
1189  3.780000
1190  0.340000
1191  3.740000
1192  0.360000
1193  3.720000
1194  0.400000
1195  3.720000
1196  0.420000
1197  3.660000
1198  0.460000
1199  3.640000
1200  0.460000
1201  3.620000
1202  0.520000
1203  3.560000
1204  0.560000
1205  3.540000
1206  0.600000
1207  3.500000
1208  0.620000
1209  3.460000
1210  0.680000
1211  3.400000
1212  0.700000
1213  3.360000
1214  0.780000
1215  3.300000
1216  0.840000
1217  3.260000
1218  0.880000
1219  3.200000
1220  0.940000
1221  3.160000
1222  0.980000
1223  3.120000
1224  1.060000
1225  3.040000
1226  1.120000
1227  2.980000
1228  1.180000
1229  2.920000
1230  1.240000
1231  2.840000
1232  1.280000
1233  2.800000
1234  1.360000
1235  2.720000
1236  1.440000
1237  2.660000
1238  1.500000
1239  2.600000
1240  1.540000
1241  2.520000
1242  1.640000
1243  2.460000
1244  1.700000
1245  2.400000
1246  1.780000
1247  2.320000
1248  1.860000
1249  2.260000
1250  1.900000
1251  2.180000
1252  1.980000
1253  2.100000
1254  2.040000
1255  2.040000
1256  2.120000
1257  1.980000
1258  2.200000
1259  1.880000
1260  2.260000
1261  1.820000
1262  2.320000
1263  1.760000
1264  2.400000
1265  1.680000
1266  2.480000
1267  1.640000
1268  2.520000
1269  1.560000
1270  2.600000
1271  1.460000
1272  2.660000
1273  1.440000
1274  2.720000
1275  1.360000
1276  2.800000
1277  1.300000
1278  2.840000
1279  1.200000
1280  2.920000
1281  1.160000
1282  2.980000
1283  1.120000
1284  3.040000
1285  1.060000
1286  3.100000
1287  1.000000
1288  3.160000
1289  0.940000
1290  3.220000
1291  0.860000
1292  3.260000
1293  0.800000
1294  3.300000
1295  0.760000
1296  3.360000
1297  0.720000
1298  3.400000
1299  0.620000
1300  3.440000
1301  0.600000
1302  3.480000
1303  0.600000
1304  3.540000
1305  0.560000
1306  3.560000
1307  0.520000
1308  3.600000
1309  0.460000
1310  3.660000
1311  0.420000
1312  3.680000
1313  0.420000
1314  3.700000
1315  0.380000
1316  3.720000
1317  0.360000
1318  3.760000
1319  0.320000
1320  3.800000
1321  0.300000
1322  3.780000
1323  0.300000
1324  3.800000
1325  0.300000
1326  3.820000
1327  0.280000
1328  3.820000
1329  0.260000
1330  3.840000
1331  0.240000
1332  3.840000
1333  0.240000
1334  3.840000
1335  0.260000
1336  3.840000
1337  0.260000
1338  3.840000
1339  0.260000
1340  3.820000
1341  0.280000
1342  3.840000
1343  0.300000
1344  3.820000
1345  0.320000
1346  3.800000
1347  0.320000
1348  3.780000
1349  0.320000
1350  3.760000
1351  0.340000
1352  3.720000
1353  0.400000
1354  3.720000
1355  0.420000
1356  3.680000
1357  0.460000
1358  3.640000
1359  0.460000
1360  3.600000
1361  0.520000
1362  3.580000
1363  0.580000
1364  3.520000
1365  0.600000
1366  3.500000
1367  0.660000
1368  3.460000
1369  0.680000
1370  3.420000
1371  0.740000
1372  3.360000
1373  0.780000
1374  3.300000
1375  0.820000
1376  3.260000
1377  0.880000
1378  3.200000
1379  0.940000
1380  3.160000
1381  1.000000
1382  3.100000
1383  1.060000
1384  3.040000
1385  1.140000
1386  2.980000
1387  1.200000
1388  2.920000
1389  1.200000
1390  2.860000
1391  1.300000
1392  2.780000
1393  1.340000
1394  2.720000
1395  1.440000
1396  2.660000
1397  1.500000
1398  2.580000
1399  1.560000
1400  2.520000
1401  1.640000
1402  2.460000
1403  1.720000
1404  2.400000
1405  1.780000
1406  2.320000
1407  1.840000
1408  2.220000
1409  1.900000
1410  2.180000
1411  1.980000
1412  2.120000
1413  2.060000
1414  2.020000
1415  2.120000
1416  1.960000
1417  2.180000
1418  1.900000
1419  2.260000
1420  1.820000
1421  2.340000
1422  1.760000
1423  2.400000
1424  1.700000
1425  2.480000
1426  1.620000
1427  2.540000
1428  1.540000
1429  2.600000
1430  1.460000
1431  2.680000
1432  1.420000
1433  2.740000
1434  1.360000
1435  2.800000
1436  1.280000
1437  2.860000
1438  1.220000
1439  2.920000
1440  1.160000
1441  2.980000
1442  1.100000
1443  3.040000
1444  1.060000
1445  3.100000
1446  0.980000
1447  3.160000
1448  0.880000
1449  3.200000
1450  0.880000
1451  3.260000
1452  0.820000
1453  3.320000
1454  0.760000
1455  3.360000
1456  0.720000
1457  3.400000
1458  0.640000
1459  3.440000
1460  0.620000
1461  3.500000
1462  0.600000
1463  3.540000
1464  0.540000
1465  3.580000
1466  0.520000
1467  3.620000
1468  0.460000
1469  3.660000
1470  0.420000
1471  3.660000
1472  0.420000
1473  3.700000
1474  0.380000
1475  3.740000
1476  0.360000
1477  3.760000
1478  0.340000
1479  3.780000
1480  0.280000
1481  3.800000
1482  0.300000
1483  3.800000
1484  0.300000
1485  3.820000
1486  0.280000
1487  3.820000
1488  0.260000
1489  3.840000
1490  0.260000
1491  3.840000
1492  0.240000
1493  3.840000
1494  0.260000
1495  3.840000
1496  0.260000
1497  3.820000
1498  0.260000
1499  3.840000
1500  0.280000
1501  3.820000
1502  0.300000
1503  3.800000
1504  0.300000
1505  3.800000
1506  0.340000
1507  3.760000
1508  0.340000
1509  3.760000
1510  0.360000
1511  3.720000
1512  0.400000
1513  3.680000
1514  0.420000
1515  3.660000
1516  0.460000
1517  3.620000
1518  0.460000
1519  3.600000
1520  0.520000
1521  3.580000
1522  0.580000
1523  3.520000
1524  0.620000
1525  3.500000
1526  0.660000
1527  3.460000
1528  0.680000
1529  3.380000
1530  0.740000
1531  3.360000
1532  0.780000
1533  3.300000
1534  0.840000
1535  3.240000
1536  0.880000
1537  3.180000
1538  0.920000
1539  3.140000
1540  1.020000
1541  3.100000
1542  1.060000
1543  3.040000
1544  1.120000
1545  2.980000
1546  1.200000
1547  2.920000
1548  1.240000
1549  2.860000
1550  1.320000
1551  2.780000
1552  1.380000
1553  2.720000
1554  1.420000
1555  2.640000
1556  1.540000
1557  2.540000
1558  1.580000
1559  2.520000
1560  1.660000
1561  2.440000
1562  1.720000
1563  2.380000
1564  1.800000
1565  2.320000
1566  1.860000
1567  2.220000
1568  1.920000
1569  2.180000
1570  1.980000
1571  2.100000
1572  2.060000
1573  2.020000
1574  2.140000
1575  1.960000
1576  2.200000
1577  1.880000
1578  2.260000
1579  1.800000
1580  2.360000
1581  1.740000
1582  2.420000
1583  1.680000
1584  2.480000
1585  1.620000
1586  2.540000
1587  1.540000
1588  2.620000
1589  1.460000
1590  2.680000
1591  1.420000
1592  2.740000
1593  1.320000
1594  2.800000
1595  1.260000
1596  2.860000
1597  1.200000
1598  2.940000
1599  1.140000
1600  3.000000
1601  1.100000
1602  3.020000
1603  1.040000
1604  3.120000
1605  0.980000
1606  3.180000
1607  0.900000
1608  3.220000
1609  0.840000
1610  3.260000
1611  0.800000
1612  3.320000
1613  0.740000
1614  3.380000
1615  0.720000
1616  3.400000
1617  0.660000
1618  3.480000
1619  0.600000
1620  3.520000
1621  0.580000
1622  3.540000
1623  0.540000
1624  3.600000
1625  0.500000
1626  3.620000
1627  0.460000
1628  3.640000
1629  0.420000
1630  3.680000
1631  0.400000
1632  3.700000
1633  0.380000
1634  3.740000
1635  0.340000
1636  3.740000
1637  0.300000
1638  3.780000
1639  0.320000
1640  3.800000
1641  0.300000
1642  3.820000
1643  0.300000
1644  3.820000
1645  0.280000
1646  3.820000
1647  0.240000
1648  3.840000
1649  0.260000
1650  3.840000
1651  0.240000
1652  3.860000
1653  0.260000
1654  3.840000
1655  0.260000
1656  3.820000
1657  0.240000
1658  3.820000
1659  0.280000
1660  3.820000
1661  0.300000
1662  3.800000
1663  0.320000
1664  3.780000
1665  0.340000
1666  3.760000
1667  0.360000
1668  3.740000
1669  0.380000
1670  3.720000
1671  0.400000
1672  3.680000
1673  0.440000
1674  3.660000
1675  0.480000
1676  3.600000
1677  0.480000
1678  3.600000
1679  0.540000
1680  3.580000
1681  0.560000
1682  3.520000
1683  0.620000
1684  3.480000
1685  0.660000
1686  3.440000
1687  0.700000
1688  3.380000
1689  0.760000
1690  3.340000
1691  0.800000
1692  3.300000
1693  0.840000
1694  3.220000
1695  0.900000
1696  3.180000
1697  0.940000
1698  3.140000
1699  1.040000
1700  3.080000
1701  1.080000
1702  3.020000
1703  1.140000
1704  2.960000
1705  1.220000
1706  2.900000
1707  1.240000
1708  2.860000
1709  1.320000
1710  2.760000
1711  1.400000
1712  2.700000
1713  1.460000
1714  2.640000
1715  1.500000
1716  2.540000
1717  1.580000
1718  2.500000
1719  1.660000
1720  2.440000
1721  1.740000
1722  2.380000
1723  1.800000
1724  2.320000
1725  1.860000
1726  2.220000
1727  1.920000
1728  2.160000
1729  2.000000
1730  2.100000
1731  2.080000
1732  2.000000
1733  2.120000
1734  1.940000
1735  2.220000
1736  1.860000
1737  2.280000
1738  1.800000
1739  2.360000
1740  1.740000
1741  2.420000
1742  1.680000
1743  2.480000
1744  1.600000
1745  2.540000
1746  1.540000
1747  2.620000
1748  1.480000
1749  2.680000
1750  1.380000
1751  2.760000
1752  1.340000
1753  2.820000
1754  1.260000
1755  2.860000
1756  1.180000
1757  2.940000
1758  1.140000
1759  3.000000
1760  1.080000
1761  3.080000
1762  1.020000
1763  3.120000
1764  0.980000
1765  3.180000
1766  0.900000
1767  3.220000
1768  0.840000
1769  3.280000
1770  0.800000
1771  3.340000
1772  0.740000
1773  3.380000
1774  0.700000
1775  3.420000
1776  0.640000
1777  3.480000
1778  0.600000
1779  3.500000
1780  0.580000
1781  3.540000
1782  0.540000
1783  3.600000
1784  0.500000
1785  3.640000
1786  0.460000
1787  3.660000
1788  0.440000
1789  3.680000
1790  0.400000
1791  3.700000
1792  0.380000
1793  3.720000
1794  0.360000
1795  3.760000
1796  0.300000
1797  3.780000
1798  0.320000
1799  3.800000
1800  0.300000
1801  3.820000
1802  0.280000
1803  3.820000
1804  0.280000
1805  3.820000
1806  0.260000
1807  3.860000
1808  0.240000
1809  3.840000
1810  0.240000
1811  3.860000
1812  0.260000
1813  3.820000
1814  0.240000
1815  3.820000
1816  0.260000
1817  3.820000
1818  0.280000
1819  3.820000
1820  0.300000
1821  3.800000
1822  0.300000
1823  3.780000
1824  0.320000
1825  3.760000
1826  0.340000
1827  3.720000
1828  0.380000
1829  3.720000
1830  0.420000
1831  3.680000
1832  0.440000
1833  3.660000
1834  0.460000
1835  3.620000
1836  0.500000
1837  3.580000
1838  0.540000
1839  3.560000
1840  0.580000
1841  3.520000
1842  0.620000
1843  3.460000
1844  0.660000
1845  3.440000
1846  0.700000
1847  3.400000
1848  0.760000
1849  3.340000
1850  0.800000
1851  3.300000
1852  0.840000
1853  3.240000
1854  0.920000
1855  3.180000
1856  0.960000
1857  3.140000
1858  1.020000
1859  3.080000
1860  1.080000
1861  3.020000
1862  1.160000
1863  2.960000
1864  1.200000
1865  2.880000
1866  1.260000
1867  2.840000
1868  1.320000
1869  2.760000
1870  1.400000
1871  2.700000
1872  1.460000
1873  2.640000
1874  1.520000
1875  2.540000
1876  1.580000
1877  2.500000
1878  1.660000
1879  2.440000
1880  1.740000
1881  2.360000
1882  1.820000
1883  2.280000
1884  1.860000
1885  2.220000
1886  1.940000
1887  2.140000
1888  2.020000
1889  2.080000
1890  2.080000
1891  2.000000
1892  2.160000
1893  1.900000
1894  2.220000
1895  1.860000
1896  2.300000
1897  1.780000
1898  2.380000
1899  1.720000
1900  2.440000
1901  1.660000
1902  2.500000
1903  1.600000
1904  2.540000
1905  1.500000
1906  2.620000
1907  1.460000
1908  2.700000
1909  1.380000
1910  2.760000
1911  1.320000
1912  2.820000
1913  1.260000
1914  2.860000
1915  1.180000
1916  2.940000
1917  1.140000
1918  3.020000
1919  1.080000
1920  3.080000
1921  1.000000
1922  3.140000
1923  0.940000
1924  3.180000
1925  0.880000
1926  3.240000
1927  0.840000
1928  3.280000
1929  0.800000
1930  3.340000
1931  0.740000
1932  3.400000
1933  0.680000
1934  3.440000
1935  0.620000
1936  3.460000
1937  0.600000
1938  3.520000
1939  0.560000
1940  3.560000
1941  0.540000
1942  3.600000
1943  0.480000
1944  3.640000
1945  0.460000
1946  3.660000
1947  0.420000
1948  3.680000
1949  0.380000
1950  3.720000
1951  0.380000
1952  3.740000
1953  0.340000
1954  3.760000
1955  0.280000
1956  3.780000
1957  0.300000
1958  3.800000
1959  0.300000
1960  3.820000
1961  0.280000
1962  3.820000
1963  0.280000
1964  3.820000
1965  0.260000
1966  3.840000
1967  0.260000
1968  3.860000
1969  0.260000
1970  3.840000
1971  0.260000
1972  3.860000
1973  0.240000
1974  3.820000
1975  0.260000
1976  3.840000
1977  0.300000
1978  3.820000
1979  0.300000
1980  3.800000
1981  0.320000
1982  3.780000
1983  0.320000
1984  3.760000
1985  0.360000
1986  3.740000
1987  0.380000
1988  3.700000
1989  0.400000
1990  3.680000
1991  0.460000
1992  3.620000
1993  0.460000
1994  3.620000
1995  0.480000
1996  3.580000
1997  0.520000
1998  3.540000
1999  0.600000
2000  3.520000
2001  0.620000
2002  3.460000
2003  0.680000
2004  3.420000
2005  0.680000
2006  3.380000
2007  0.760000
2008  3.320000
2009  0.820000
2010  3.280000
2011  0.860000
2012  3.220000
2013  0.900000
2014  3.180000
2015  0.960000
2016  3.120000
2017  1.040000
2018  3.080000
2019  1.100000
2020  3.000000
2021  1.160000
2022  2.960000
2023  1.200000
2024  2.880000
2025  1.260000
2026  2.800000
2027  1.340000
2028  2.760000
2029  1.400000
2030  2.680000
2031  1.480000
2032  2.620000
2033  1.540000
2034  2.540000
2035  1.600000
2036  2.500000
2037  1.680000
2038  2.420000
2039  1.740000
2040  2.360000
2041  1.820000
2042  2.280000
2043  1.880000
2044  2.220000
2045  1.940000
2046  2.140000
2047  2.020000
2048  0.000000
