Nama File =sin50H_100.dat
Time Samplig =0.0100
1  1.900000
2  2.080000
3  0.300000
4  3.180000
5  0.880000
6  3.260000
7  0.760000
8  3.400000
9  0.640000
10  3.500000
11  0.580000
12  3.580000
13  0.500000
14  3.660000
15  0.420000
16  3.720000
17  0.360000
18  3.780000
19  0.320000
20  3.820000
21  0.280000
22  3.820000
23  0.260000
24  3.840000
25  0.260000
26  3.820000
27  0.280000
28  3.820000
29  0.300000
30  3.780000
31  0.360000
32  3.720000
33  0.400000
34  3.660000
35  0.480000
36  3.600000
37  0.560000
38  3.500000
39  0.660000
40  3.400000
41  0.760000
42  3.280000
43  0.880000
44  3.180000
45  1.000000
46  3.060000
47  1.140000
48  2.920000
49  1.260000
50  2.780000
51  1.420000
52  2.640000
53  1.560000
54  2.480000
55  1.720000
56  2.320000
57  1.880000
58  2.160000
59  2.040000
60  2.000000
61  2.200000
62  1.860000
63  2.360000
64  1.700000
65  2.500000
66  1.520000
67  2.660000
68  1.360000
69  2.800000
70  1.240000
71  2.960000
72  1.080000
73  3.080000
74  0.980000
75  3.220000
76  0.840000
77  3.340000
78  0.740000
79  3.440000
80  0.640000
81  3.520000
82  0.540000
83  3.600000
84  0.460000
85  3.680000
86  0.400000
87  3.740000
88  0.340000
89  3.780000
90  0.300000
91  3.820000
92  0.260000
93  3.820000
94  0.240000
95  3.860000
96  0.260000
97  3.820000
98  0.280000
99  3.800000
100  0.320000
101  3.760000
102  0.380000
103  3.700000
104  0.420000
105  3.640000
106  0.500000
107  3.560000
108  0.600000
109  3.460000
110  0.680000
111  3.360000
112  0.780000
113  3.260000
114  0.900000
115  3.140000
116  1.060000
117  3.020000
118  1.180000
119  2.860000
120  1.320000
121  2.720000
122  1.460000
123  2.560000
124  1.620000
125  2.420000
126  1.780000
127  2.280000
128  1.920000
129  2.120000
130  2.080000
131  1.940000
132  2.240000
133  1.780000
134  2.400000
135  1.620000
136  2.520000
137  1.480000
138  2.700000
139  1.340000
140  2.840000
141  1.220000
142  3.000000
143  1.060000
144  3.120000
145  0.940000
146  3.240000
147  0.820000
148  3.360000
149  0.720000
150  3.460000
151  0.600000
152  3.560000
153  0.520000
154  3.640000
155  0.440000
156  3.680000
157  0.400000
158  3.760000
159  0.340000
160  3.820000
161  0.300000
162  3.820000
163  0.280000
164  3.860000
165  0.260000
166  3.840000
167  0.260000
168  3.820000
169  0.300000
170  3.800000
171  0.320000
172  3.760000
173  0.400000
174  3.680000
175  0.460000
176  3.620000
177  0.540000
178  3.540000
179  0.600000
180  3.440000
181  0.720000
182  3.340000
183  0.820000
184  3.220000
185  0.940000
186  3.100000
187  1.080000
188  2.980000
189  1.200000
190  2.840000
191  1.340000
192  2.680000
193  1.500000
194  2.540000
195  1.640000
196  2.400000
197  1.820000
198  2.240000
199  1.960000
200  2.080000
201  2.120000
202  1.900000
203  2.280000
204  1.760000
205  2.400000
206  1.620000
207  2.600000
208  1.460000
209  2.740000
210  1.300000
211  2.900000
212  1.160000
213  3.020000
214  1.060000
215  3.140000
216  0.920000
217  3.300000
218  0.800000
219  3.400000
220  0.700000
221  3.480000
222  0.580000
223  3.560000
224  0.500000
225  3.640000
226  0.420000
227  3.720000
228  0.360000
229  3.760000
230  0.320000
231  3.800000
232  0.280000
233  3.820000
234  0.280000
235  3.840000
236  0.260000
237  3.820000
238  0.260000
239  3.800000
240  0.300000
241  3.780000
242  0.360000
243  3.720000
244  0.400000
245  3.680000
246  0.460000
247  3.600000
248  0.520000
249  3.500000
250  0.620000
251  3.380000
252  0.740000
253  3.320000
254  0.860000
255  3.180000
256  0.960000
257  3.080000
258  1.100000
259  2.920000
260  1.220000
261  2.820000
262  1.360000
263  2.660000
264  1.520000
265  2.520000
266  1.680000
267  2.360000
268  1.840000
269  2.200000
270  2.000000
271  2.040000
272  2.160000
273  1.880000
274  2.320000
275  1.740000
276  2.480000
277  1.580000
278  2.640000
279  1.420000
280  2.780000
281  1.280000
282  2.900000
283  1.160000
284  3.040000
285  1.020000
286  3.180000
287  0.880000
288  3.300000
289  0.780000
290  3.400000
291  0.660000
292  3.500000
293  0.580000
294  3.580000
295  0.480000
296  3.660000
297  0.420000
298  3.740000
299  0.360000
300  3.780000
301  0.320000
302  3.820000
303  0.280000
304  3.820000
305  0.260000
306  3.860000
307  0.260000
308  3.820000
309  0.280000
310  3.800000
311  0.300000
312  3.780000
313  0.360000
314  3.740000
315  0.400000
316  3.660000
317  0.480000
318  3.580000
319  0.560000
320  3.500000
321  0.640000
322  3.400000
323  0.760000
324  3.300000
325  0.840000
326  3.180000
327  0.980000
328  3.040000
329  1.100000
330  2.920000
331  1.260000
332  2.780000
333  1.380000
334  2.620000
335  1.520000
336  2.460000
337  1.720000
338  2.300000
339  1.860000
340  2.160000
341  2.020000
342  2.000000
343  2.200000
344  1.840000
345  2.360000
346  1.680000
347  2.520000
348  1.540000
349  2.660000
350  1.400000
351  2.800000
352  1.260000
353  2.940000
354  1.120000
355  3.080000
356  0.980000
357  3.220000
358  0.860000
359  3.320000
360  0.740000
361  3.420000
362  0.640000
363  3.520000
364  0.540000
365  3.600000
366  0.460000
367  3.680000
368  0.400000
369  3.740000
370  0.360000
371  3.780000
372  0.320000
373  3.820000
374  0.260000
375  3.840000
376  0.240000
377  3.860000
378  0.260000
379  3.820000
380  0.280000
381  3.800000
382  0.300000
383  3.780000
384  0.360000
385  3.700000
386  0.420000
387  3.660000
388  0.500000
389  3.560000
390  0.560000
391  3.480000
392  0.660000
393  3.380000
394  0.760000
395  3.260000
396  0.900000
397  3.140000
398  1.020000
399  3.020000
400  1.160000
401  2.880000
402  1.300000
403  2.740000
404  1.460000
405  2.580000
406  1.600000
407  2.420000
408  1.760000
409  2.280000
410  1.900000
411  2.140000
412  2.080000
413  1.960000
414  2.220000
415  1.820000
416  2.400000
417  1.640000
418  2.540000
419  1.520000
420  2.680000
421  1.360000
422  2.840000
423  1.200000
424  2.980000
425  1.080000
426  3.120000
427  0.940000
428  3.240000
429  0.840000
430  3.360000
431  0.720000
432  3.460000
433  0.600000
434  3.560000
435  0.520000
436  3.620000
437  0.460000
438  3.700000
439  0.400000
440  3.760000
441  0.340000
442  3.780000
443  0.300000
444  3.820000
445  0.280000
446  3.840000
447  0.260000
448  3.840000
449  0.280000
450  3.820000
451  0.300000
452  3.800000
453  0.320000
454  3.760000
455  0.360000
456  3.700000
457  0.420000
458  3.620000
459  0.500000
460  3.540000
461  0.580000
462  3.440000
463  0.680000
464  3.340000
465  0.800000
466  3.220000
467  0.920000
468  3.120000
469  1.040000
470  2.980000
471  1.180000
472  2.820000
473  1.340000
474  2.700000
475  1.500000
476  2.540000
477  1.640000
478  2.400000
479  1.800000
480  2.260000
481  1.960000
482  2.080000
483  2.120000
484  1.920000
485  2.280000
486  1.780000
487  2.440000
488  1.620000
489  2.580000
490  1.480000
491  2.740000
492  1.320000
493  2.880000
494  1.180000
495  3.020000
496  1.040000
497  3.140000
498  0.920000
499  3.280000
500  0.780000
501  3.400000
502  0.680000
503  3.480000
504  0.580000
505  3.580000
506  0.480000
507  3.640000
508  0.440000
509  3.720000
510  0.360000
511  3.760000
512  0.320000
513  3.800000
514  0.280000
515  3.820000
516  0.260000
517  3.840000
518  0.240000
519  3.820000
520  0.260000
521  3.820000
522  0.280000
523  3.780000
524  0.340000
525  3.720000
526  0.380000
527  3.680000
528  0.440000
529  3.600000
530  0.540000
531  3.520000
532  0.620000
533  3.380000
534  0.740000
535  3.340000
536  0.840000
537  3.180000
538  0.980000
539  3.060000
540  1.120000
541  2.920000
542  1.260000
543  2.780000
544  1.420000
545  2.640000
546  1.560000
547  2.480000
548  1.720000
549  2.340000
550  1.880000
551  2.160000
552  2.020000
553  2.020000
554  2.200000
555  1.860000
556  2.340000
557  1.700000
558  2.500000
559  1.540000
560  2.660000
561  1.380000
562  2.820000
563  1.240000
564  2.960000
565  1.120000
566  3.080000
567  0.980000
568  3.220000
569  0.840000
570  3.340000
571  0.720000
572  3.440000
573  0.620000
574  3.520000
575  0.540000
576  3.600000
577  0.460000
578  3.700000
579  0.400000
580  3.760000
581  0.340000
582  3.800000
583  0.300000
584  3.820000
585  0.260000
586  3.820000
587  0.240000
588  3.860000
589  0.240000
590  3.820000
591  0.260000
592  3.800000
593  0.300000
594  3.760000
595  0.360000
596  3.700000
597  0.420000
598  3.640000
599  0.480000
600  3.560000
601  0.580000
602  3.440000
603  0.700000
604  3.360000
605  0.800000
606  3.240000
607  0.920000
608  3.120000
609  1.060000
610  2.980000
611  1.200000
612  2.840000
613  1.360000
614  2.700000
615  1.500000
616  2.520000
617  1.640000
618  2.400000
619  1.800000
620  2.240000
621  1.980000
622  2.100000
623  2.120000
624  1.900000
625  2.300000
626  1.760000
627  2.460000
628  1.600000
629  2.600000
630  1.440000
631  2.760000
632  1.300000
633  2.900000
634  1.160000
635  3.040000
636  1.040000
637  3.160000
638  0.900000
639  3.300000
640  0.780000
641  3.400000
642  0.660000
643  3.480000
644  0.580000
645  3.580000
646  0.500000
647  3.660000
648  0.400000
649  3.740000
650  0.360000
651  3.780000
652  0.300000
653  3.820000
654  0.260000
655  3.820000
656  0.240000
657  3.840000
658  0.240000
659  3.840000
660  0.280000
661  3.820000
662  0.300000
663  3.780000
664  0.340000
665  3.740000
666  0.400000
667  3.660000
668  0.480000
669  3.580000
670  0.560000
671  3.500000
672  0.660000
673  3.400000
674  0.760000
675  3.280000
676  0.860000
677  3.160000
678  1.000000
679  3.020000
680  1.140000
681  2.900000
682  1.300000
683  2.760000
684  1.440000
685  2.620000
686  1.580000
687  2.460000
688  1.740000
689  2.300000
690  1.900000
691  2.140000
692  2.060000
693  1.980000
694  2.220000
695  1.820000
696  2.380000
697  1.640000
698  2.540000
699  1.500000
700  2.700000
701  1.360000
702  2.820000
703  1.220000
704  2.980000
705  1.080000
706  3.120000
707  0.940000
708  3.240000
709  0.820000
710  3.360000
711  0.700000
712  3.460000
713  0.600000
714  3.560000
715  0.500000
716  3.640000
717  0.420000
718  3.700000
719  0.380000
720  3.760000
721  0.320000
722  3.800000
723  0.260000
724  3.820000
725  0.240000
726  3.860000
727  0.220000
728  3.840000
729  0.240000
730  3.840000
731  0.280000
732  3.800000
733  0.320000
734  3.760000
735  0.360000
736  3.680000
737  0.440000
738  3.620000
739  0.520000
740  3.540000
741  0.620000
742  3.460000
743  0.720000
744  3.340000
745  0.820000
746  3.220000
747  0.960000
748  3.080000
749  1.060000
750  2.960000
751  1.240000
752  2.820000
753  1.380000
754  2.660000
755  1.540000
756  2.520000
757  1.680000
758  2.360000
759  1.840000
760  2.200000
761  2.020000
762  2.040000
763  2.180000
764  1.880000
765  2.340000
766  1.720000
767  2.500000
768  1.560000
769  2.640000
770  1.420000
771  2.780000
772  1.260000
773  2.940000
774  1.120000
775  3.080000
776  1.000000
777  3.220000
778  0.860000
779  3.300000
780  0.740000
781  3.420000
782  0.640000
783  3.500000
784  0.520000
785  3.600000
786  0.460000
787  3.680000
788  0.360000
789  3.740000
790  0.340000
791  3.800000
792  0.280000
793  3.820000
794  0.240000
795  3.840000
796  0.220000
797  3.880000
798  0.240000
799  3.820000
800  0.240000
801  3.820000
802  0.280000
803  3.760000
804  0.340000
805  3.720000
806  0.420000
807  3.640000
808  0.500000
809  3.540000
810  0.580000
811  3.480000
812  0.660000
813  3.380000
814  0.780000
815  3.260000
816  0.920000
817  3.140000
818  1.040000
819  3.000000
820  1.180000
821  2.880000
822  1.320000
823  2.720000
824  1.480000
825  2.580000
826  1.620000
827  2.380000
828  1.780000
829  2.260000
830  1.940000
831  2.100000
832  2.100000
833  1.940000
834  2.280000
835  1.780000
836  2.420000
837  1.620000
838  2.580000
839  1.480000
840  2.720000
841  1.320000
842  2.860000
843  1.200000
844  3.020000
845  1.060000
846  3.140000
847  0.920000
848  3.280000
849  0.780000
850  3.360000
851  0.680000
852  3.480000
853  0.580000
854  3.580000
855  0.500000
856  3.640000
857  0.420000
858  3.720000
859  0.340000
860  3.780000
861  0.300000
862  3.820000
863  0.260000
864  3.840000
865  0.240000
866  3.860000
867  0.240000
868  3.860000
869  0.260000
870  3.820000
871  0.300000
872  3.800000
873  0.340000
874  3.720000
875  0.400000
876  3.680000
877  0.460000
878  3.600000
879  0.540000
880  3.500000
881  0.640000
882  3.420000
883  0.740000
884  3.300000
885  0.860000
886  3.180000
887  1.000000
888  3.060000
889  1.120000
890  2.920000
891  1.260000
892  2.800000
893  1.420000
894  2.620000
895  1.580000
896  2.480000
897  1.720000
898  2.300000
899  1.860000
900  2.180000
901  2.040000
902  1.980000
903  2.200000
904  1.860000
905  2.360000
906  1.700000
907  2.500000
908  1.540000
909  2.660000
910  1.380000
911  2.820000
912  1.240000
913  2.960000
914  1.100000
915  3.120000
916  0.980000
917  3.220000
918  0.840000
919  3.340000
920  0.700000
921  3.440000
922  0.600000
923  3.540000
924  0.520000
925  3.620000
926  0.440000
927  3.700000
928  0.360000
929  3.760000
930  0.300000
931  3.820000
932  0.280000
933  3.840000
934  0.260000
935  3.840000
936  0.240000
937  3.840000
938  0.260000
939  3.840000
940  0.280000
941  3.800000
942  0.320000
943  3.760000
944  0.380000
945  3.700000
946  0.420000
947  3.660000
948  0.500000
949  3.560000
950  0.600000
951  3.480000
952  0.700000
953  3.360000
954  0.820000
955  3.240000
956  0.920000
957  3.120000
958  1.040000
959  2.980000
960  1.200000
961  2.840000
962  1.340000
963  2.700000
964  1.500000
965  2.540000
966  1.640000
967  2.400000
968  1.800000
969  2.240000
970  1.980000
971  2.080000
972  2.120000
973  1.920000
974  2.300000
975  1.780000
976  2.440000
977  1.620000
978  2.600000
979  1.460000
980  2.760000
981  1.300000
982  2.900000
983  1.160000
984  3.020000
985  1.040000
986  3.160000
987  0.880000
988  3.280000
989  0.760000
990  3.400000
991  0.660000
992  3.500000
993  0.560000
994  3.580000
995  0.480000
996  3.660000
997  0.400000
998  3.740000
999  0.320000
1000  3.780000
1001  0.280000
1002  3.800000
1003  0.280000
1004  3.840000
1005  0.260000
1006  3.860000
1007  0.260000
1008  3.840000
1009  0.280000
1010  3.820000
1011  0.300000
1012  3.780000
1013  0.320000
1014  3.720000
1015  0.400000
1016  3.680000
1017  0.460000
1018  3.600000
1019  0.540000
1020  3.520000
1021  0.660000
1022  3.420000
1023  0.720000
1024  3.300000
1025  0.860000
1026  3.180000
1027  0.980000
1028  3.060000
1029  1.120000
1030  2.920000
1031  1.260000
1032  2.780000
1033  1.420000
1034  2.620000
1035  1.580000
1036  2.480000
1037  1.700000
1038  2.320000
1039  1.880000
1040  2.180000
1041  2.040000
1042  2.020000
1043  2.200000
1044  1.860000
1045  2.360000
1046  1.700000
1047  2.520000
1048  1.540000
1049  2.660000
1050  1.380000
1051  2.820000
1052  1.240000
1053  2.940000
1054  1.100000
1055  3.080000
1056  0.960000
1057  3.220000
1058  0.840000
1059  3.340000
1060  0.700000
1061  3.440000
1062  0.600000
1063  3.520000
1064  0.520000
1065  3.620000
1066  0.460000
1067  3.700000
1068  0.380000
1069  3.760000
1070  0.320000
1071  3.780000
1072  0.300000
1073  3.820000
1074  0.260000
1075  3.860000
1076  0.240000
1077  3.860000
1078  0.260000
1079  3.840000
1080  0.280000
1081  3.800000
1082  0.320000
1083  3.760000
1084  0.360000
1085  3.720000
1086  0.420000
1087  3.660000
1088  0.500000
1089  3.560000
1090  0.580000
1091  3.460000
1092  0.680000
1093  3.360000
1094  0.780000
1095  3.260000
1096  0.900000
1097  3.140000
1098  1.040000
1099  3.000000
1100  1.180000
1101  2.860000
1102  1.320000
1103  2.720000
1104  1.480000
1105  2.580000
1106  1.620000
1107  2.400000
1108  1.780000
1109  2.260000
1110  1.940000
1111  2.120000
1112  2.080000
1113  1.940000
1114  2.260000
1115  1.780000
1116  2.420000
1117  1.600000
1118  2.580000
1119  1.480000
1120  2.720000
1121  1.320000
1122  2.860000
1123  1.140000
1124  3.020000
1125  1.040000
1126  3.140000
1127  0.880000
1128  3.260000
1129  0.780000
1130  3.380000
1131  0.680000
1132  3.460000
1133  0.600000
1134  3.580000
1135  0.500000
1136  3.660000
1137  0.440000
1138  3.720000
1139  0.360000
1140  3.760000
1141  0.320000
1142  3.800000
1143  0.280000
1144  3.840000
1145  0.260000
1146  3.860000
1147  0.240000
1148  3.860000
1149  0.260000
1150  3.820000
1151  0.300000
1152  3.800000
1153  0.320000
1154  3.760000
1155  0.380000
1156  3.700000
1157  0.460000
1158  3.600000
1159  0.520000
1160  3.520000
1161  0.620000
1162  3.420000
1163  0.720000
1164  3.320000
1165  0.840000
1166  3.180000
1167  1.000000
1168  3.060000
1169  1.120000
1170  2.940000
1171  1.260000
1172  2.800000
1173  1.400000
1174  2.660000
1175  1.540000
1176  2.500000
1177  1.680000
1178  2.340000
1179  1.860000
1180  2.180000
1181  2.020000
1182  2.020000
1183  2.200000
1184  1.860000
1185  2.360000
1186  1.700000
1187  2.480000
1188  1.540000
1189  2.640000
1190  1.400000
1191  2.800000
1192  1.240000
1193  2.960000
1194  1.080000
1195  3.080000
1196  0.940000
1197  3.200000
1198  0.840000
1199  3.320000
1200  0.760000
1201  3.420000
1202  0.620000
1203  3.560000
1204  0.520000
1205  3.620000
1206  0.460000
1207  3.700000
1208  0.400000
1209  3.740000
1210  0.340000
1211  3.800000
1212  0.280000
1213  3.820000
1214  0.260000
1215  3.860000
1216  0.260000
1217  3.860000
1218  0.280000
1219  3.820000
1220  0.280000
1221  3.800000
1222  0.300000
1223  3.780000
1224  0.360000
1225  3.700000
1226  0.420000
1227  3.640000
1228  0.500000
1229  3.560000
1230  0.580000
1231  3.480000
1232  0.680000
1233  3.360000
1234  0.800000
1235  3.240000
1236  0.920000
1237  3.120000
1238  1.040000
1239  3.000000
1240  1.180000
1241  2.860000
1242  1.340000
1243  2.700000
1244  1.480000
1245  2.540000
1246  1.640000
1247  2.380000
1248  1.800000
1249  2.220000
1250  1.940000
1251  2.080000
1252  2.120000
1253  1.920000
1254  2.280000
1255  1.760000
1256  2.440000
1257  1.600000
1258  2.580000
1259  1.460000
1260  2.740000
1261  1.300000
1262  2.880000
1263  1.160000
1264  3.040000
1265  1.020000
1266  3.160000
1267  0.900000
1268  3.280000
1269  0.780000
1270  3.400000
1271  0.680000
1272  3.500000
1273  0.560000
1274  3.580000
1275  0.480000
1276  3.660000
1277  0.420000
1278  3.720000
1279  0.360000
1280  3.780000
1281  0.320000
1282  3.820000
1283  0.280000
1284  3.840000
1285  0.260000
1286  3.860000
1287  0.220000
1288  3.840000
1289  0.280000
1290  3.820000
1291  0.300000
1292  3.780000
1293  0.340000
1294  3.720000
1295  0.400000
1296  3.660000
1297  0.480000
1298  3.600000
1299  0.560000
1300  3.500000
1301  0.640000
1302  3.400000
1303  0.760000
1304  3.280000
1305  0.880000
1306  3.160000
1307  1.000000
1308  3.040000
1309  1.140000
1310  2.900000
1311  1.300000
1312  2.760000
1313  1.420000
1314  2.600000
1315  1.560000
1316  2.440000
1317  1.720000
1318  2.300000
1319  1.880000
1320  2.140000
1321  2.080000
1322  1.960000
1323  2.220000
1324  1.800000
1325  2.380000
1326  1.660000
1327  2.540000
1328  1.500000
1329  2.700000
1330  1.340000
1331  2.840000
1332  1.200000
1333  3.000000
1334  1.080000
1335  3.120000
1336  0.940000
1337  3.240000
1338  0.820000
1339  3.380000
1340  0.700000
1341  3.480000
1342  0.600000
1343  3.560000
1344  0.520000
1345  3.640000
1346  0.440000
1347  3.720000
1348  0.380000
1349  3.780000
1350  0.320000
1351  3.820000
1352  0.280000
1353  3.820000
1354  0.260000
1355  3.860000
1356  0.240000
1357  3.840000
1358  0.260000
1359  3.820000
1360  0.280000
1361  3.780000
1362  0.320000
1363  3.740000
1364  0.380000
1365  3.680000
1366  0.460000
1367  3.620000
1368  0.520000
1369  3.540000
1370  0.620000
1371  3.440000
1372  0.720000
1373  3.320000
1374  0.840000
1375  3.180000
1376  0.960000
1377  3.060000
1378  1.080000
1379  2.940000
1380  1.240000
1381  2.800000
1382  1.400000
1383  2.640000
1384  1.540000
1385  2.480000
1386  1.680000
1387  2.360000
1388  1.860000
1389  2.180000
1390  2.020000
1391  2.020000
1392  2.200000
1393  1.840000
1394  2.340000
1395  1.700000
1396  2.500000
1397  1.540000
1398  2.660000
1399  1.400000
1400  2.820000
1401  1.260000
1402  2.960000
1403  1.120000
1404  3.080000
1405  0.980000
1406  3.200000
1407  0.840000
1408  3.340000
1409  0.720000
1410  3.440000
1411  0.620000
1412  3.540000
1413  0.540000
1414  3.620000
1415  0.460000
1416  3.700000
1417  0.380000
1418  3.760000
1419  0.340000
1420  3.800000
1421  0.300000
1422  3.820000
1423  0.260000
1424  3.860000
1425  0.240000
1426  3.840000
1427  0.260000
1428  3.820000
1429  0.280000
1430  3.800000
1431  0.320000
1432  3.760000
1433  0.380000
1434  3.700000
1435  0.440000
1436  3.640000
1437  0.500000
1438  3.520000
1439  0.600000
1440  3.460000
1441  0.700000
1442  3.340000
1443  0.800000
1444  3.240000
1445  0.920000
1446  3.120000
1447  1.060000
1448  2.980000
1449  1.180000
1450  2.820000
1451  1.320000
1452  2.640000
1453  1.500000
1454  2.520000
1455  1.640000
1456  2.380000
1457  1.800000
1458  2.220000
1459  1.980000
1460  2.060000
1461  2.160000
1462  1.900000
1463  2.320000
1464  1.740000
1465  2.460000
1466  1.600000
1467  2.620000
1468  1.440000
1469  2.760000
1470  1.260000
1471  2.920000
1472  1.140000
1473  3.040000
1474  1.020000
1475  3.180000
1476  0.900000
1477  3.280000
1478  0.760000
1479  3.420000
1480  0.660000
1481  3.500000
1482  0.560000
1483  3.600000
1484  0.480000
1485  3.680000
1486  0.400000
1487  3.760000
1488  0.340000
1489  3.780000
1490  0.300000
1491  3.800000
1492  0.280000
1493  3.840000
1494  0.260000
1495  3.860000
1496  0.260000
1497  3.840000
1498  0.280000
1499  3.800000
1500  0.300000
1501  3.760000
1502  0.360000
1503  3.720000
1504  0.400000
1505  3.660000
1506  0.480000
1507  3.580000
1508  0.560000
1509  3.500000
1510  0.660000
1511  3.380000
1512  0.760000
1513  3.280000
1514  0.880000
1515  3.160000
1516  1.000000
1517  3.020000
1518  1.140000
1519  2.860000
1520  1.300000
1521  2.740000
1522  1.460000
1523  2.580000
1524  1.600000
1525  2.440000
1526  1.760000
1527  2.260000
1528  1.940000
1529  2.120000
1530  2.120000
1531  1.960000
1532  2.260000
1533  1.800000
1534  2.420000
1535  1.640000
1536  2.560000
1537  1.480000
1538  2.720000
1539  1.320000
1540  2.860000
1541  1.180000
1542  3.000000
1543  1.060000
1544  3.140000
1545  0.900000
1546  3.280000
1547  0.780000
1548  3.380000
1549  0.680000
1550  3.480000
1551  0.580000
1552  3.580000
1553  0.500000
1554  3.660000
1555  0.420000
1556  3.720000
1557  0.360000
1558  3.780000
1559  0.320000
1560  3.800000
1561  0.280000
1562  3.820000
1563  0.260000
1564  3.860000
1565  0.240000
1566  3.840000
1567  0.280000
1568  3.820000
1569  0.300000
1570  3.780000
1571  0.340000
1572  3.740000
1573  0.380000
1574  3.680000
1575  0.460000
1576  3.600000
1577  0.540000
1578  3.500000
1579  0.620000
1580  3.400000
1581  0.720000
1582  3.300000
1583  0.860000
1584  3.180000
1585  0.980000
1586  3.040000
1587  1.120000
1588  2.940000
1589  1.260000
1590  2.780000
1591  1.420000
1592  2.620000
1593  1.560000
1594  2.480000
1595  1.720000
1596  2.320000
1597  1.880000
1598  2.140000
1599  2.040000
1600  2.000000
1601  2.200000
1602  1.840000
1603  2.360000
1604  1.680000
1605  2.520000
1606  1.540000
1607  2.680000
1608  1.380000
1609  2.820000
1610  1.240000
1611  2.960000
1612  1.100000
1613  3.100000
1614  0.960000
1615  3.240000
1616  0.840000
1617  3.340000
1618  0.700000
1619  3.440000
1620  0.620000
1621  3.520000
1622  0.540000
1623  3.620000
1624  0.460000
1625  3.700000
1626  0.380000
1627  3.760000
1628  0.340000
1629  3.800000
1630  0.300000
1631  3.820000
1632  0.260000
1633  3.840000
1634  0.240000
1635  3.860000
1636  0.260000
1637  3.820000
1638  0.280000
1639  3.800000
1640  0.280000
1641  3.780000
1642  0.320000
1643  3.720000
1644  0.400000
1645  3.640000
1646  0.500000
1647  3.560000
1648  0.600000
1649  3.460000
1650  0.680000
1651  3.380000
1652  0.780000
1653  3.260000
1654  0.900000
1655  3.120000
1656  1.060000
1657  2.980000
1658  1.200000
1659  2.860000
1660  1.340000
1661  2.720000
1662  1.480000
1663  2.560000
1664  1.640000
1665  2.420000
1666  1.800000
1667  2.240000
1668  1.940000
1669  2.100000
1670  2.120000
1671  1.940000
1672  2.280000
1673  1.780000
1674  2.420000
1675  1.620000
1676  2.580000
1677  1.480000
1678  2.720000
1679  1.320000
1680  2.860000
1681  1.160000
1682  3.020000
1683  1.020000
1684  3.160000
1685  0.920000
1686  3.280000
1687  0.780000
1688  3.380000
1689  0.680000
1690  3.480000
1691  0.580000
1692  3.580000
1693  0.500000
1694  3.660000
1695  0.440000
1696  3.740000
1697  0.380000
1698  3.760000
1699  0.340000
1700  3.800000
1701  0.280000
1702  3.820000
1703  0.240000
1704  3.820000
1705  0.220000
1706  3.860000
1707  0.260000
1708  3.820000
1709  0.280000
1710  3.800000
1711  0.320000
1712  3.740000
1713  0.380000
1714  3.680000
1715  0.440000
1716  3.600000
1717  0.520000
1718  3.500000
1719  0.600000
1720  3.440000
1721  0.720000
1722  3.320000
1723  0.840000
1724  3.200000
1725  0.980000
1726  3.060000
1727  1.100000
1728  2.960000
1729  1.240000
1730  2.820000
1731  1.380000
1732  2.660000
1733  1.540000
1734  2.500000
1735  1.700000
1736  2.360000
1737  1.840000
1738  2.200000
1739  2.000000
1740  2.040000
1741  2.180000
1742  1.880000
1743  2.340000
1744  1.740000
1745  2.480000
1746  1.560000
1747  2.620000
1748  1.420000
1749  2.780000
1750  1.260000
1751  2.920000
1752  1.140000
1753  3.060000
1754  1.000000
1755  3.200000
1756  0.880000
1757  3.300000
1758  0.760000
1759  3.400000
1760  0.640000
1761  3.500000
1762  0.560000
1763  3.600000
1764  0.480000
1765  3.660000
1766  0.420000
1767  3.720000
1768  0.340000
1769  3.780000
1770  0.280000
1771  3.820000
1772  0.260000
1773  3.840000
1774  0.260000
1775  3.860000
1776  0.240000
1777  3.820000
1778  0.260000
1779  3.820000
1780  0.280000
1781  3.780000
1782  0.340000
1783  3.720000
1784  0.420000
1785  3.660000
1786  0.460000
1787  3.580000
1788  0.560000
1789  3.500000
1790  0.660000
1791  3.400000
1792  0.760000
1793  3.260000
1794  0.880000
1795  3.160000
1796  1.000000
1797  3.040000
1798  1.140000
1799  2.900000
1800  1.280000
1801  2.760000
1802  1.440000
1803  2.620000
1804  1.580000
1805  2.460000
1806  1.720000
1807  2.320000
1808  1.880000
1809  2.160000
1810  2.040000
1811  2.000000
1812  2.220000
1813  1.840000
1814  2.360000
1815  1.680000
1816  2.500000
1817  1.520000
1818  2.680000
1819  1.380000
1820  2.820000
1821  1.240000
1822  2.960000
1823  1.100000
1824  3.080000
1825  0.960000
1826  3.220000
1827  0.820000
1828  3.340000
1829  0.720000
1830  3.460000
1831  0.620000
1832  3.540000
1833  0.520000
1834  3.620000
1835  0.460000
1836  3.700000
1837  0.380000
1838  3.760000
1839  0.320000
1840  3.820000
1841  0.260000
1842  3.820000
1843  0.260000
1844  3.840000
1845  0.240000
1846  3.860000
1847  0.240000
1848  3.860000
1849  0.260000
1850  3.800000
1851  0.300000
1852  3.760000
1853  0.360000
1854  3.700000
1855  0.440000
1856  3.640000
1857  0.500000
1858  3.560000
1859  0.580000
1860  3.480000
1861  0.680000
1862  3.360000
1863  0.800000
1864  3.260000
1865  0.900000
1866  3.140000
1867  1.040000
1868  3.020000
1869  1.180000
1870  2.880000
1871  1.320000
1872  2.720000
1873  1.480000
1874  2.560000
1875  1.620000
1876  2.440000
1877  1.760000
1878  2.280000
1879  1.940000
1880  2.120000
1881  2.100000
1882  1.940000
1883  2.260000
1884  1.800000
1885  2.420000
1886  1.640000
1887  2.560000
1888  1.500000
1889  2.720000
1890  1.340000
1891  2.860000
1892  1.200000
1893  2.980000
1894  1.060000
1895  3.120000
1896  0.920000
1897  3.240000
1898  0.800000
1899  3.360000
1900  0.680000
1901  3.460000
1902  0.600000
1903  3.560000
1904  0.520000
1905  3.640000
1906  0.420000
1907  3.720000
1908  0.360000
1909  3.780000
1910  0.300000
1911  3.820000
1912  0.280000
1913  3.820000
1914  0.260000
1915  3.840000
1916  0.240000
1917  3.840000
1918  0.260000
1919  3.820000
1920  0.300000
1921  3.780000
1922  0.340000
1923  3.740000
1924  0.400000
1925  3.680000
1926  0.460000
1927  3.620000
1928  0.520000
1929  3.520000
1930  0.620000
1931  3.440000
1932  0.720000
1933  3.320000
1934  0.820000
1935  3.220000
1936  0.960000
1937  3.100000
1938  1.100000
1939  2.960000
1940  1.240000
1941  2.820000
1942  1.380000
1943  2.660000
1944  1.520000
1945  2.520000
1946  1.680000
1947  2.380000
1948  1.840000
1949  2.200000
1950  2.000000
1951  2.060000
1952  2.160000
1953  1.900000
1954  2.320000
1955  1.740000
1956  2.480000
1957  1.580000
1958  2.620000
1959  1.420000
1960  2.780000
1961  1.260000
1962  2.920000
1963  1.140000
1964  3.040000
1965  1.000000
1966  3.180000
1967  0.860000
1968  3.300000
1969  0.740000
1970  3.420000
1971  0.640000
1972  3.500000
1973  0.560000
1974  3.600000
1975  0.500000
1976  3.680000
1977  0.400000
1978  3.740000
1979  0.340000
1980  3.780000
1981  0.300000
1982  3.820000
1983  0.280000
1984  3.820000
1985  0.260000
1986  3.860000
1987  0.260000
1988  3.840000
1989  0.280000
1990  3.800000
1991  0.300000
1992  3.760000
1993  0.360000
1994  3.720000
1995  0.400000
1996  3.660000
1997  0.480000
1998  3.580000
1999  0.580000
2000  3.480000
2001  0.660000
2002  3.380000
2003  0.760000
2004  3.300000
2005  0.880000
2006  3.160000
2007  1.020000
2008  3.020000
2009  1.160000
2010  2.900000
2011  1.300000
2012  2.760000
2013  1.440000
2014  2.600000
2015  1.580000
2016  2.460000
2017  1.760000
2018  2.280000
2019  1.900000
2020  2.140000
2021  2.060000
2022  1.980000
2023  2.220000
2024  1.820000
2025  2.380000
2026  1.660000
2027  2.540000
2028  1.500000
2029  2.660000
2030  1.320000
2031  2.840000
2032  1.220000
2033  2.980000
2034  1.080000
2035  3.120000
2036  0.960000
2037  3.220000
2038  0.800000
2039  3.340000
2040  0.720000
2041  3.420000
2042  0.620000
2043  3.540000
2044  0.520000
2045  3.640000
2046  0.460000
2047  3.700000
2048  0.000000
