Nama File =sin50H_200.dat
Time Samplig =0.0050
1  0.740000
2  2.080000
3  0.300000
4  0.260000
5  2.120000
6  3.860000
7  2.060000
8  0.260000
9  2.000000
10  3.840000
11  2.200000
12  0.260000
13  1.900000
14  3.840000
15  2.300000
16  0.280000
17  1.760000
18  3.800000
19  2.420000
20  0.300000
21  1.640000
22  3.780000
23  2.520000
24  0.340000
25  1.520000
26  3.740000
27  2.640000
28  0.380000
29  1.400000
30  3.700000
31  2.760000
32  0.420000
33  1.280000
34  3.660000
35  2.860000
36  0.480000
37  1.200000
38  3.600000
39  2.980000
40  0.540000
41  1.080000
42  3.520000
43  3.080000
44  0.600000
45  0.980000
46  3.460000
47  3.180000
48  0.680000
49  0.880000
50  3.380000
51  3.280000
52  0.760000
53  0.820000
54  3.280000
55  3.360000
56  0.860000
57  0.720000
58  3.220000
59  3.420000
60  0.940000
61  0.640000
62  3.120000
63  3.500000
64  1.060000
65  0.580000
66  3.020000
67  3.560000
68  1.160000
69  0.520000
70  2.920000
71  3.620000
72  1.240000
73  0.440000
74  2.820000
75  3.680000
76  1.360000
77  0.400000
78  2.700000
79  3.740000
80  1.480000
81  0.360000
82  2.580000
83  3.760000
84  1.580000
85  0.340000
86  2.480000
87  3.800000
88  1.700000
89  0.300000
90  2.360000
91  3.820000
92  1.820000
93  0.280000
94  2.220000
95  3.860000
96  1.940000
97  0.260000
98  2.100000
99  3.840000
100  2.080000
101  0.260000
102  1.960000
103  3.840000
104  2.200000
105  0.260000
106  1.860000
107  3.840000
108  2.300000
109  0.300000
110  1.760000
111  3.800000
112  2.420000
113  0.320000
114  1.620000
115  3.780000
116  2.540000
117  0.340000
118  1.520000
119  3.740000
120  2.660000
121  0.380000
122  1.400000
123  3.700000
124  2.780000
125  0.440000
126  1.300000
127  3.640000
128  2.860000
129  0.480000
130  1.180000
131  3.600000
132  2.980000
133  0.540000
134  1.080000
135  3.520000
136  3.100000
137  0.620000
138  0.980000
139  3.440000
140  3.180000
141  0.680000
142  0.880000
143  3.360000
144  3.280000
145  0.760000
146  0.800000
147  3.300000
148  3.360000
149  0.860000
150  0.700000
151  3.220000
152  3.440000
153  0.960000
154  0.640000
155  3.120000
156  3.500000
157  1.060000
158  0.560000
159  3.000000
160  3.580000
161  1.160000
162  0.520000
163  2.860000
164  3.640000
165  1.260000
166  0.460000
167  2.800000
168  3.700000
169  1.380000
170  0.400000
171  2.680000
172  3.740000
173  1.480000
174  0.360000
175  2.560000
176  3.780000
177  1.620000
178  0.320000
179  2.460000
180  3.800000
181  1.720000
182  0.300000
183  2.340000
184  3.820000
185  1.840000
186  0.280000
187  2.220000
188  3.840000
189  1.960000
190  0.240000
191  2.100000
192  3.840000
193  2.060000
194  0.260000
195  1.980000
196  3.840000
197  2.220000
198  0.280000
199  1.860000
200  3.840000
201  2.320000
202  0.280000
203  1.740000
204  3.800000
205  2.400000
206  0.320000
207  1.600000
208  3.780000
209  2.540000
210  0.340000
211  1.500000
212  3.740000
213  2.680000
214  0.400000
215  1.360000
216  3.680000
217  2.780000
218  0.440000
219  1.260000
220  3.640000
221  2.860000
222  0.480000
223  1.160000
224  3.580000
225  3.000000
226  0.560000
227  1.080000
228  3.520000
229  3.120000
230  0.620000
231  0.960000
232  3.440000
233  3.180000
234  0.700000
235  0.860000
236  3.380000
237  3.280000
238  0.780000
239  0.780000
240  3.300000
241  3.360000
242  0.880000
243  0.700000
244  3.160000
245  3.460000
246  0.980000
247  0.620000
248  3.100000
249  3.520000
250  1.060000
251  0.560000
252  3.000000
253  3.600000
254  1.160000
255  0.500000
256  2.900000
257  3.680000
258  1.280000
259  0.460000
260  2.760000
261  3.700000
262  1.400000
263  0.400000
264  2.680000
265  3.740000
266  1.520000
267  0.360000
268  2.560000
269  3.780000
270  1.620000
271  0.320000
272  2.440000
273  3.800000
274  1.740000
275  0.280000
276  2.320000
277  3.840000
278  1.860000
279  0.260000
280  2.200000
281  3.840000
282  1.940000
283  0.280000
284  2.080000
285  3.860000
286  2.100000
287  0.260000
288  1.960000
289  3.840000
290  2.200000
291  0.280000
292  1.840000
293  3.820000
294  2.340000
295  0.300000
296  1.720000
297  3.800000
298  2.460000
299  0.320000
300  1.600000
301  3.760000
302  2.540000
303  0.340000
304  1.500000
305  3.720000
306  2.660000
307  0.380000
308  1.400000
309  3.680000
310  2.800000
311  0.440000
312  1.300000
313  3.640000
314  2.900000
315  0.500000
316  1.160000
317  3.560000
318  3.020000
319  0.560000
320  1.060000
321  3.520000
322  3.120000
323  0.640000
324  0.940000
325  3.440000
326  3.180000
327  0.720000
328  0.860000
329  3.360000
330  3.280000
331  0.800000
332  0.780000
333  3.280000
334  3.380000
335  0.880000
336  0.700000
337  3.160000
338  3.460000
339  0.960000
340  0.620000
341  3.080000
342  3.540000
343  1.080000
344  0.560000
345  2.980000
346  3.600000
347  1.180000
348  0.460000
349  2.880000
350  3.640000
351  1.300000
352  0.440000
353  2.780000
354  3.700000
355  1.400000
356  0.380000
357  2.660000
358  3.740000
359  1.520000
360  0.360000
361  2.540000
362  3.780000
363  1.620000
364  0.320000
365  2.440000
366  3.800000
367  1.740000
368  0.280000
369  2.300000
370  3.840000
371  1.860000
372  0.280000
373  2.180000
374  3.840000
375  1.980000
376  0.260000
377  2.060000
378  3.840000
379  2.120000
380  0.260000
381  1.940000
382  3.840000
383  2.220000
384  0.260000
385  1.840000
386  3.820000
387  2.340000
388  0.280000
389  1.720000
390  3.780000
391  2.460000
392  0.300000
393  1.600000
394  3.760000
395  2.560000
396  0.360000
397  1.500000
398  3.720000
399  2.700000
400  0.400000
401  1.360000
402  3.680000
403  2.800000
404  0.460000
405  1.260000
406  3.620000
407  2.920000
408  0.500000
409  1.160000
410  3.580000
411  3.000000
412  0.600000
413  1.040000
414  3.520000
415  3.120000
416  0.640000
417  0.940000
418  3.420000
419  3.240000
420  0.720000
421  0.880000
422  3.360000
423  3.320000
424  0.800000
425  0.780000
426  3.260000
427  3.400000
428  0.880000
429  0.700000
430  3.160000
431  3.460000
432  1.000000
433  0.620000
434  3.080000
435  3.540000
436  1.100000
437  0.540000
438  2.980000
439  3.600000
440  1.200000
441  0.480000
442  2.860000
443  3.660000
444  1.320000
445  0.420000
446  2.760000
447  3.700000
448  1.420000
449  0.400000
450  2.640000
451  3.760000
452  1.520000
453  0.340000
454  2.540000
455  3.780000
456  1.620000
457  0.320000
458  2.420000
459  3.820000
460  1.740000
461  0.280000
462  2.300000
463  3.840000
464  1.880000
465  0.280000
466  2.180000
467  3.840000
468  2.000000
469  0.260000
470  2.080000
471  3.840000
472  2.120000
473  0.260000
474  1.940000
475  3.840000
476  2.220000
477  0.260000
478  1.820000
479  3.840000
480  2.360000
481  0.280000
482  1.700000
483  3.780000
484  2.480000
485  0.320000
486  1.580000
487  3.760000
488  2.600000
489  0.360000
490  1.460000
491  3.720000
492  2.700000
493  0.420000
494  1.360000
495  3.660000
496  2.820000
497  0.460000
498  1.240000
499  3.620000
500  2.920000
501  0.520000
502  1.140000
503  3.560000
504  3.040000
505  0.580000
506  1.040000
507  3.520000
508  3.140000
509  0.600000
510  0.940000
511  3.420000
512  3.220000
513  0.720000
514  0.860000
515  3.340000
516  3.300000
517  0.820000
518  0.780000
519  3.260000
520  3.400000
521  0.900000
522  0.680000
523  3.180000
524  3.460000
525  1.000000
526  0.600000
527  3.080000
528  3.540000
529  1.100000
530  0.560000
531  2.980000
532  3.600000
533  1.200000
534  0.480000
535  2.860000
536  3.640000
537  1.320000
538  0.460000
539  2.760000
540  3.720000
541  1.420000
542  0.380000
543  2.640000
544  3.760000
545  1.540000
546  0.340000
547  2.540000
548  3.780000
549  1.660000
550  0.300000
551  2.420000
552  3.800000
553  1.760000
554  0.280000
555  2.280000
556  3.840000
557  1.880000
558  0.260000
559  2.180000
560  3.840000
561  2.000000
562  0.260000
563  2.060000
564  3.860000
565  2.140000
566  0.260000
567  1.920000
568  3.840000
569  2.220000
570  0.280000
571  1.820000
572  3.800000
573  2.360000
574  0.300000
575  1.680000
576  3.800000
577  2.440000
578  0.340000
579  1.560000
580  3.760000
581  2.600000
582  0.360000
583  1.460000
584  3.720000
585  2.720000
586  0.380000
587  1.320000
588  3.680000
589  2.820000
590  0.460000
591  1.240000
592  3.620000
593  2.940000
594  0.520000
595  1.140000
596  3.540000
597  3.040000
598  0.580000
599  1.040000
600  3.500000
601  3.120000
602  0.660000
603  0.940000
604  3.420000
605  3.220000
606  0.740000
607  0.820000
608  3.340000
609  3.320000
610  0.820000
611  0.760000
612  3.260000
613  3.400000
614  0.900000
615  0.680000
616  3.160000
617  3.480000
618  1.000000
619  0.600000
620  3.060000
621  3.560000
622  1.120000
623  0.540000
624  2.960000
625  3.620000
626  1.200000
627  0.480000
628  2.840000
629  3.660000
630  1.320000
631  0.440000
632  2.740000
633  3.720000
634  1.440000
635  0.380000
636  2.620000
637  3.740000
638  1.560000
639  0.340000
640  2.520000
641  3.780000
642  1.660000
643  0.300000
644  2.400000
645  3.800000
646  1.760000
647  0.280000
648  2.280000
649  3.840000
650  1.900000
651  0.260000
652  2.160000
653  3.840000
654  2.020000
655  0.260000
656  2.040000
657  3.840000
658  2.120000
659  0.260000
660  1.880000
661  3.840000
662  2.260000
663  0.280000
664  1.800000
665  3.780000
666  2.380000
667  0.300000
668  1.680000
669  3.780000
670  2.500000
671  0.340000
672  1.540000
673  3.760000
674  2.600000
675  0.360000
676  1.420000
677  3.720000
678  2.740000
679  0.400000
680  1.340000
681  3.660000
682  2.840000
683  0.460000
684  1.220000
685  3.600000
686  2.940000
687  0.500000
688  1.100000
689  3.560000
690  3.060000
691  0.600000
692  1.020000
693  3.500000
694  3.140000
695  0.680000
696  0.920000
697  3.420000
698  3.220000
699  0.740000
700  0.820000
701  3.320000
702  3.320000
703  0.820000
704  0.740000
705  3.240000
706  3.420000
707  0.900000
708  0.680000
709  3.140000
710  3.480000
711  1.020000
712  0.600000
713  3.040000
714  3.560000
715  1.120000
716  0.540000
717  2.940000
718  3.620000
719  1.240000
720  0.480000
721  2.840000
722  3.660000
723  1.360000
724  0.420000
725  2.740000
726  3.720000
727  1.440000
728  0.360000
729  2.620000
730  3.760000
731  1.560000
732  0.340000
733  2.520000
734  3.780000
735  1.680000
736  0.300000
737  2.380000
738  3.780000
739  1.780000
740  0.280000
741  2.260000
742  3.840000
743  1.900000
744  0.280000
745  2.160000
746  3.860000
747  2.020000
748  0.260000
749  2.040000
750  3.840000
751  2.140000
752  0.260000
753  1.900000
754  3.840000
755  2.260000
756  0.260000
757  1.780000
758  3.800000
759  2.380000
760  0.280000
761  1.680000
762  3.780000
763  2.520000
764  0.340000
765  1.560000
766  3.760000
767  2.620000
768  0.360000
769  1.440000
770  3.720000
771  2.740000
772  0.420000
773  1.320000
774  3.660000
775  2.840000
776  0.480000
777  1.220000
778  3.600000
779  2.960000
780  0.540000
781  1.120000
782  3.540000
783  3.020000
784  0.600000
785  1.000000
786  3.460000
787  3.140000
788  0.680000
789  0.920000
790  3.400000
791  3.260000
792  0.740000
793  0.820000
794  3.320000
795  3.340000
796  0.800000
797  0.740000
798  3.220000
799  3.420000
800  0.920000
801  0.660000
802  3.140000
803  3.480000
804  1.040000
805  0.580000
806  3.040000
807  3.560000
808  1.120000
809  0.520000
810  2.940000
811  3.600000
812  1.240000
813  0.460000
814  2.840000
815  3.680000
816  1.340000
817  0.420000
818  2.720000
819  3.720000
820  1.460000
821  0.380000
822  2.620000
823  3.780000
824  1.560000
825  0.340000
826  2.500000
827  3.800000
828  1.680000
829  0.300000
830  2.380000
831  3.820000
832  1.800000
833  0.280000
834  2.260000
835  3.840000
836  1.940000
837  0.260000
838  2.160000
839  3.840000
840  2.040000
841  0.240000
842  2.000000
843  3.840000
844  2.160000
845  0.260000
846  1.880000
847  3.840000
848  2.300000
849  0.280000
850  1.780000
851  3.800000
852  2.400000
853  0.300000
854  1.640000
855  3.780000
856  2.520000
857  0.340000
858  1.540000
859  3.760000
860  2.620000
861  0.380000
862  1.420000
863  3.700000
864  2.760000
865  0.420000
866  1.320000
867  3.660000
868  2.860000
869  0.480000
870  1.220000
871  3.600000
872  2.980000
873  0.540000
874  1.140000
875  3.540000
876  3.080000
877  0.600000
878  1.000000
879  3.460000
880  3.160000
881  0.660000
882  0.900000
883  3.400000
884  3.260000
885  0.740000
886  0.800000
887  3.300000
888  3.340000
889  0.840000
890  0.700000
891  3.220000
892  3.420000
893  0.940000
894  0.640000
895  3.140000
896  3.500000
897  1.040000
898  0.580000
899  3.040000
900  3.580000
901  1.140000
902  0.520000
903  2.900000
904  3.620000
905  1.240000
906  0.460000
907  2.820000
908  3.680000
909  1.360000
910  0.420000
911  2.680000
912  3.740000
913  1.480000
914  0.360000
915  2.600000
916  3.760000
917  1.580000
918  0.320000
919  2.480000
920  3.800000
921  1.700000
922  0.300000
923  2.380000
924  3.820000
925  1.820000
926  0.280000
927  2.240000
928  3.840000
929  1.940000
930  0.260000
931  2.140000
932  3.860000
933  2.040000
934  0.260000
935  2.000000
936  3.840000
937  2.160000
938  0.280000
939  1.880000
940  3.840000
941  2.300000
942  0.280000
943  1.720000
944  3.800000
945  2.400000
946  0.300000
947  1.640000
948  3.780000
949  2.520000
950  0.340000
951  1.540000
952  3.740000
953  2.660000
954  0.380000
955  1.380000
956  3.700000
957  2.780000
958  0.420000
959  1.280000
960  3.640000
961  2.860000
962  0.480000
963  1.200000
964  3.600000
965  2.980000
966  0.540000
967  1.120000
968  3.540000
969  3.080000
970  0.620000
971  0.980000
972  3.460000
973  3.160000
974  0.680000
975  0.880000
976  3.360000
977  3.260000
978  0.780000
979  0.780000
980  3.300000
981  3.360000
982  0.860000
983  0.700000
984  3.200000
985  3.420000
986  0.940000
987  0.640000
988  3.120000
989  3.500000
990  1.060000
991  0.600000
992  3.000000
993  3.580000
994  1.120000
995  0.520000
996  2.900000
997  3.640000
998  1.260000
999  0.460000
1000  2.800000
1001  3.700000
1002  1.360000
1003  0.400000
1004  2.700000
1005  3.740000
1006  1.500000
1007  0.360000
1008  2.600000
1009  3.760000
1010  1.580000
1011  0.320000
1012  2.480000
1013  3.800000
1014  1.720000
1015  0.300000
1016  2.360000
1017  3.820000
1018  1.840000
1019  0.280000
1020  2.220000
1021  3.840000
1022  1.940000
1023  0.260000
1024  2.100000
1025  3.860000
1026  2.080000
1027  0.260000
1028  1.960000
1029  3.840000
1030  2.200000
1031  0.260000
1032  1.860000
1033  3.820000
1034  2.320000
1035  0.280000
1036  1.740000
1037  3.800000
1038  2.440000
1039  0.300000
1040  1.620000
1041  3.760000
1042  2.540000
1043  0.340000
1044  1.520000
1045  3.740000
1046  2.660000
1047  0.400000
1048  1.400000
1049  3.700000
1050  2.780000
1051  0.420000
1052  1.260000
1053  3.640000
1054  2.860000
1055  0.500000
1056  1.160000
1057  3.580000
1058  2.980000
1059  0.540000
1060  1.060000
1061  3.520000
1062  3.100000
1063  0.620000
1064  0.960000
1065  3.460000
1066  3.180000
1067  0.700000
1068  0.880000
1069  3.360000
1070  3.280000
1071  0.780000
1072  0.780000
1073  3.280000
1074  3.380000
1075  0.860000
1076  0.680000
1077  3.200000
1078  3.440000
1079  0.960000
1080  0.620000
1081  3.100000
1082  3.500000
1083  1.060000
1084  0.560000
1085  3.000000
1086  3.580000
1087  1.160000
1088  0.480000
1089  2.900000
1090  3.640000
1091  1.280000
1092  0.460000
1093  2.800000
1094  3.680000
1095  1.400000
1096  0.400000
1097  2.680000
1098  3.740000
1099  1.500000
1100  0.360000
1101  2.540000
1102  3.780000
1103  1.620000
1104  0.320000
1105  2.440000
1106  3.820000
1107  1.740000
1108  0.280000
1109  2.340000
1110  3.820000
1111  1.840000
1112  0.280000
1113  2.220000
1114  3.840000
1115  1.980000
1116  0.260000
1117  2.080000
1118  3.860000
1119  2.100000
1120  0.260000
1121  1.960000
1122  3.840000
1123  2.220000
1124  0.260000
1125  1.860000
1126  3.820000
1127  2.340000
1128  0.280000
1129  1.760000
1130  3.800000
1131  2.460000
1132  0.320000
1133  1.600000
1134  3.760000
1135  2.540000
1136  0.360000
1137  1.500000
1138  3.740000
1139  2.660000
1140  0.400000
1141  1.380000
1142  3.700000
1143  2.800000
1144  0.440000
1145  1.240000
1146  3.640000
1147  2.900000
1148  0.500000
1149  1.160000
1150  3.580000
1151  3.000000
1152  0.560000
1153  1.060000
1154  3.520000
1155  3.120000
1156  0.620000
1157  0.940000
1158  3.440000
1159  3.180000
1160  0.680000
1161  0.860000
1162  3.340000
1163  3.320000
1164  0.800000
1165  0.780000
1166  3.280000
1167  3.380000
1168  0.900000
1169  0.680000
1170  3.200000
1171  3.460000
1172  0.980000
1173  0.600000
1174  3.080000
1175  3.500000
1176  1.080000
1177  0.520000
1178  2.980000
1179  3.580000
1180  1.180000
1181  0.480000
1182  2.880000
1183  3.660000
1184  1.300000
1185  0.420000
1186  2.760000
1187  3.700000
1188  1.400000
1189  0.400000
1190  2.660000
1191  3.740000
1192  1.480000
1193  0.360000
1194  2.540000
1195  3.780000
1196  1.640000
1197  0.320000
1198  2.420000
1199  3.800000
1200  1.760000
1201  0.280000
1202  2.300000
1203  3.820000
1204  1.880000
1205  0.260000
1206  2.200000
1207  3.820000
1208  2.000000
1209  0.240000
1210  2.060000
1211  3.840000
1212  2.120000
1213  0.260000
1214  1.960000
1215  3.840000
1216  2.240000
1217  0.280000
1218  1.820000
1219  3.820000
1220  2.360000
1221  0.300000
1222  1.680000
1223  3.800000
1224  2.440000
1225  0.320000
1226  1.580000
1227  3.760000
1228  2.580000
1229  0.360000
1230  1.460000
1231  3.720000
1232  2.720000
1233  0.400000
1234  1.360000
1235  3.680000
1236  2.820000
1237  0.440000
1238  1.240000
1239  3.620000
1240  2.920000
1241  0.500000
1242  1.140000
1243  3.560000
1244  3.040000
1245  0.580000
1246  1.020000
1247  3.480000
1248  3.140000
1249  0.640000
1250  0.920000
1251  3.420000
1252  3.260000
1253  0.720000
1254  0.840000
1255  3.340000
1256  3.320000
1257  0.800000
1258  0.760000
1259  3.260000
1260  3.400000
1261  0.920000
1262  0.660000
1263  3.160000
1264  3.480000
1265  1.000000
1266  0.600000
1267  3.060000
1268  3.560000
1269  1.100000
1270  0.540000
1271  2.960000
1272  3.620000
1273  1.200000
1274  0.480000
1275  2.860000
1276  3.680000
1277  1.320000
1278  0.420000
1279  2.740000
1280  3.720000
1281  1.440000
1282  0.400000
1283  2.640000
1284  3.760000
1285  1.540000
1286  0.340000
1287  2.520000
1288  3.800000
1289  1.660000
1290  0.300000
1291  2.400000
1292  3.800000
1293  1.780000
1294  0.280000
1295  2.300000
1296  3.820000
1297  1.900000
1298  0.280000
1299  2.160000
1300  3.860000
1301  2.020000
1302  0.260000
1303  2.040000
1304  3.840000
1305  2.140000
1306  0.260000
1307  1.920000
1308  3.820000
1309  2.260000
1310  0.280000
1311  1.800000
1312  3.820000
1313  2.380000
1314  0.300000
1315  1.660000
1316  3.780000
1317  2.500000
1318  0.360000
1319  1.560000
1320  3.760000
1321  2.600000
1322  0.360000
1323  1.440000
1324  3.720000
1325  2.740000
1326  0.420000
1327  1.340000
1328  3.660000
1329  2.860000
1330  0.460000
1331  1.240000
1332  3.600000
1333  2.960000
1334  0.520000
1335  1.100000
1336  3.540000
1337  3.060000
1338  0.600000
1339  1.020000
1340  3.480000
1341  3.100000
1342  0.660000
1343  0.900000
1344  3.400000
1345  3.240000
1346  0.740000
1347  0.840000
1348  3.320000
1349  3.340000
1350  0.820000
1351  0.740000
1352  3.220000
1353  3.420000
1354  0.920000
1355  0.660000
1356  3.140000
1357  3.480000
1358  1.020000
1359  0.580000
1360  3.040000
1361  3.560000
1362  1.120000
1363  0.500000
1364  2.940000
1365  3.600000
1366  1.240000
1367  0.440000
1368  2.840000
1369  3.680000
1370  1.340000
1371  0.400000
1372  2.740000
1373  3.720000
1374  1.460000
1375  0.360000
1376  2.600000
1377  3.780000
1378  1.560000
1379  0.320000
1380  2.500000
1381  3.800000
1382  1.680000
1383  0.300000
1384  2.380000
1385  3.820000
1386  1.800000
1387  0.280000
1388  2.260000
1389  3.840000
1390  1.920000
1391  0.260000
1392  2.140000
1393  3.840000
1394  2.040000
1395  0.260000
1396  2.020000
1397  3.840000
1398  2.160000
1399  0.260000
1400  1.900000
1401  3.820000
1402  2.300000
1403  0.280000
1404  1.760000
1405  3.800000
1406  2.420000
1407  0.300000
1408  1.640000
1409  3.780000
1410  2.540000
1411  0.340000
1412  1.540000
1413  3.760000
1414  2.620000
1415  0.360000
1416  1.420000
1417  3.700000
1418  2.760000
1419  0.440000
1420  1.300000
1421  3.660000
1422  2.840000
1423  0.480000
1424  1.200000
1425  3.600000
1426  2.980000
1427  0.540000
1428  1.100000
1429  3.520000
1430  3.060000
1431  0.600000
1432  0.980000
1433  3.460000
1434  3.180000
1435  0.680000
1436  0.880000
1437  3.400000
1438  3.260000
1439  0.760000
1440  0.780000
1441  3.300000
1442  3.360000
1443  0.840000
1444  0.720000
1445  3.200000
1446  3.440000
1447  0.940000
1448  0.640000
1449  3.100000
1450  3.500000
1451  1.040000
1452  0.540000
1453  3.020000
1454  3.560000
1455  1.140000
1456  0.500000
1457  2.920000
1458  3.640000
1459  1.260000
1460  0.440000
1461  2.800000
1462  3.700000
1463  1.360000
1464  0.400000
1465  2.700000
1466  3.740000
1467  1.500000
1468  0.340000
1469  2.580000
1470  3.780000
1471  1.600000
1472  0.320000
1473  2.460000
1474  3.820000
1475  1.720000
1476  0.300000
1477  2.360000
1478  3.800000
1479  1.820000
1480  0.260000
1481  2.220000
1482  3.820000
1483  1.940000
1484  0.260000
1485  2.120000
1486  3.860000
1487  2.080000
1488  0.260000
1489  2.000000
1490  3.840000
1491  2.200000
1492  0.260000
1493  1.860000
1494  3.820000
1495  2.320000
1496  0.300000
1497  1.760000
1498  3.800000
1499  2.440000
1500  0.300000
1501  1.640000
1502  3.780000
1503  2.540000
1504  0.360000
1505  1.520000
1506  3.740000
1507  2.660000
1508  0.380000
1509  1.400000
1510  3.700000
1511  2.780000
1512  0.440000
1513  1.260000
1514  3.660000
1515  2.880000
1516  0.500000
1517  1.160000
1518  3.580000
1519  2.980000
1520  0.540000
1521  1.080000
1522  3.520000
1523  3.100000
1524  0.620000
1525  0.980000
1526  3.440000
1527  3.180000
1528  0.680000
1529  0.880000
1530  3.360000
1531  3.280000
1532  0.780000
1533  0.780000
1534  3.280000
1535  3.380000
1536  0.880000
1537  0.700000
1538  3.200000
1539  3.460000
1540  0.960000
1541  0.620000
1542  3.100000
1543  3.500000
1544  1.080000
1545  0.540000
1546  3.000000
1547  3.600000
1548  1.160000
1549  0.480000
1550  2.880000
1551  3.620000
1552  1.280000
1553  0.420000
1554  2.780000
1555  3.700000
1556  1.380000
1557  0.380000
1558  2.660000
1559  3.720000
1560  1.500000
1561  0.340000
1562  2.560000
1563  3.780000
1564  1.620000
1565  0.300000
1566  2.440000
1567  3.820000
1568  1.740000
1569  0.280000
1570  2.340000
1571  3.820000
1572  1.880000
1573  0.260000
1574  2.200000
1575  3.820000
1576  1.980000
1577  0.240000
1578  2.080000
1579  3.840000
1580  2.100000
1581  0.260000
1582  1.980000
1583  3.820000
1584  2.220000
1585  0.260000
1586  1.840000
1587  3.820000
1588  2.340000
1589  0.300000
1590  1.720000
1591  3.800000
1592  2.460000
1593  0.320000
1594  1.600000
1595  3.780000
1596  2.580000
1597  0.360000
1598  1.480000
1599  3.720000
1600  2.700000
1601  0.400000
1602  1.360000
1603  3.680000
1604  2.800000
1605  0.440000
1606  1.260000
1607  3.620000
1608  2.940000
1609  0.500000
1610  1.160000
1611  3.560000
1612  3.020000
1613  0.560000
1614  1.040000
1615  3.520000
1616  3.120000
1617  0.640000
1618  0.940000
1619  3.440000
1620  3.180000
1621  0.720000
1622  0.840000
1623  3.340000
1624  3.300000
1625  0.800000
1626  0.760000
1627  3.260000
1628  3.380000
1629  0.900000
1630  0.680000
1631  3.180000
1632  3.480000
1633  0.980000
1634  0.600000
1635  3.080000
1636  3.540000
1637  1.100000
1638  0.520000
1639  2.960000
1640  3.600000
1641  1.200000
1642  0.440000
1643  2.880000
1644  3.680000
1645  1.300000
1646  0.440000
1647  2.760000
1648  3.720000
1649  1.420000
1650  0.360000
1651  2.640000
1652  3.760000
1653  1.540000
1654  0.320000
1655  2.540000
1656  3.760000
1657  1.660000
1658  0.300000
1659  2.400000
1660  3.800000
1661  1.780000
1662  0.280000
1663  2.300000
1664  3.820000
1665  1.880000
1666  0.260000
1667  2.180000
1668  3.820000
1669  2.000000
1670  0.260000
1671  2.060000
1672  3.860000
1673  2.100000
1674  0.280000
1675  1.940000
1676  3.820000
1677  2.240000
1678  0.280000
1679  1.820000
1680  3.820000
1681  2.380000
1682  0.280000
1683  1.700000
1684  3.780000
1685  2.500000
1686  0.320000
1687  1.580000
1688  3.760000
1689  2.600000
1690  0.360000
1691  1.480000
1692  3.700000
1693  2.720000
1694  0.400000
1695  1.360000
1696  3.660000
1697  2.820000
1698  0.440000
1699  1.240000
1700  3.640000
1701  2.940000
1702  0.520000
1703  1.140000
1704  3.560000
1705  3.040000
1706  0.580000
1707  1.040000
1708  3.500000
1709  3.140000
1710  0.660000
1711  0.940000
1712  3.420000
1713  3.220000
1714  0.740000
1715  0.820000
1716  3.320000
1717  3.320000
1718  0.820000
1719  0.760000
1720  3.220000
1721  3.400000
1722  0.900000
1723  0.680000
1724  3.160000
1725  3.480000
1726  1.000000
1727  0.600000
1728  3.060000
1729  3.560000
1730  1.120000
1731  0.540000
1732  2.960000
1733  3.620000
1734  1.200000
1735  0.460000
1736  2.840000
1737  3.680000
1738  1.320000
1739  0.400000
1740  2.760000
1741  3.720000
1742  1.440000
1743  0.360000
1744  2.620000
1745  3.760000
1746  1.560000
1747  0.340000
1748  2.520000
1749  3.800000
1750  1.660000
1751  0.280000
1752  2.400000
1753  3.800000
1754  1.780000
1755  0.260000
1756  2.280000
1757  3.820000
1758  1.920000
1759  0.260000
1760  2.180000
1761  3.820000
1762  2.020000
1763  0.240000
1764  2.040000
1765  3.820000
1766  2.160000
1767  0.260000
1768  1.920000
1769  3.820000
1770  2.280000
1771  0.280000
1772  1.800000
1773  3.800000
1774  2.400000
1775  0.300000
1776  1.680000
1777  3.800000
1778  2.520000
1779  0.320000
1780  1.580000
1781  3.760000
1782  2.620000
1783  0.400000
1784  1.460000
1785  3.720000
1786  2.720000
1787  0.420000
1788  1.340000
1789  3.640000
1790  2.840000
1791  0.460000
1792  1.220000
1793  3.620000
1794  2.940000
1795  0.540000
1796  1.120000
1797  3.560000
1798  3.060000
1799  0.580000
1800  0.980000
1801  3.480000
1802  3.160000
1803  0.640000
1804  0.920000
1805  3.400000
1806  3.260000
1807  0.740000
1808  0.840000
1809  3.320000
1810  3.320000
1811  0.820000
1812  0.740000
1813  3.240000
1814  3.420000
1815  0.920000
1816  0.660000
1817  3.160000
1818  3.480000
1819  1.000000
1820  0.560000
1821  3.040000
1822  3.560000
1823  1.120000
1824  0.520000
1825  2.960000
1826  3.600000
1827  1.240000
1828  0.460000
1829  2.840000
1830  3.680000
1831  1.340000
1832  0.400000
1833  2.720000
1834  3.720000
1835  1.460000
1836  0.360000
1837  2.620000
1838  3.780000
1839  1.580000
1840  0.320000
1841  2.500000
1842  3.800000
1843  1.680000
1844  0.300000
1845  2.380000
1846  3.820000
1847  1.780000
1848  0.260000
1849  2.260000
1850  3.820000
1851  1.920000
1852  0.240000
1853  2.160000
1854  3.880000
1855  2.040000
1856  0.240000
1857  2.040000
1858  3.820000
1859  2.180000
1860  0.260000
1861  1.920000
1862  3.820000
1863  2.280000
1864  0.280000
1865  1.780000
1866  3.800000
1867  2.400000
1868  0.280000
1869  1.660000
1870  3.800000
1871  2.520000
1872  0.360000
1873  1.560000
1874  3.760000
1875  2.620000
1876  0.380000
1877  1.440000
1878  3.700000
1879  2.740000
1880  0.420000
1881  1.340000
1882  3.660000
1883  2.860000
1884  0.480000
1885  1.220000
1886  3.600000
1887  2.960000
1888  0.500000
1889  1.120000
1890  3.540000
1891  3.060000
1892  0.580000
1893  1.020000
1894  3.460000
1895  3.160000
1896  0.660000
1897  0.920000
1898  3.400000
1899  3.260000
1900  0.740000
1901  0.820000
1902  3.320000
1903  3.340000
1904  0.840000
1905  0.720000
1906  3.220000
1907  3.440000
1908  0.940000
1909  0.660000
1910  3.140000
1911  3.500000
1912  1.020000
1913  0.580000
1914  3.040000
1915  3.560000
1916  1.120000
1917  0.520000
1918  2.940000
1919  3.660000
1920  1.240000
1921  0.460000
1922  2.820000
1923  3.700000
1924  1.340000
1925  0.400000
1926  2.720000
1927  3.740000
1928  1.460000
1929  0.360000
1930  2.600000
1931  3.760000
1932  1.560000
1933  0.300000
1934  2.500000
1935  3.780000
1936  1.680000
1937  0.280000
1938  2.400000
1939  3.820000
1940  1.820000
1941  0.260000
1942  2.260000
1943  3.820000
1944  1.920000
1945  0.240000
1946  2.140000
1947  3.820000
1948  2.040000
1949  0.240000
1950  2.020000
1951  3.820000
1952  2.180000
1953  0.240000
1954  1.880000
1955  3.820000
1956  2.300000
1957  0.280000
1958  1.780000
1959  3.820000
1960  2.400000
1961  0.300000
1962  1.660000
1963  3.780000
1964  2.520000
1965  0.320000
1966  1.560000
1967  3.740000
1968  2.640000
1969  0.360000
1970  1.440000
1971  3.700000
1972  2.760000
1973  0.420000
1974  1.320000
1975  3.660000
1976  2.860000
1977  0.460000
1978  1.220000
1979  3.600000
1980  2.960000
1981  0.520000
1982  1.120000
1983  3.540000
1984  3.060000
1985  0.600000
1986  1.000000
1987  3.480000
1988  3.160000
1989  0.680000
1990  0.900000
1991  3.400000
1992  3.260000
1993  0.760000
1994  0.820000
1995  3.300000
1996  3.340000
1997  0.840000
1998  0.720000
1999  3.200000
2000  3.440000
2001  0.920000
2002  0.620000
2003  3.120000
2004  3.500000
2005  1.040000
2006  0.580000
2007  3.020000
2008  3.560000
2009  1.140000
2010  0.500000
2011  2.920000
2012  3.640000
2013  1.240000
2014  0.440000
2015  2.820000
2016  3.680000
2017  1.360000
2018  0.400000
2019  2.720000
2020  3.740000
2021  1.480000
2022  0.340000
2023  2.600000
2024  3.760000
2025  1.580000
2026  0.300000
2027  2.480000
2028  3.800000
2029  1.700000
2030  0.280000
2031  2.380000
2032  3.820000
2033  1.800000
2034  0.260000
2035  2.240000
2036  3.820000
2037  1.920000
2038  0.240000
2039  2.120000
2040  3.820000
2041  2.040000
2042  0.240000
2043  2.000000
2044  3.820000
2045  2.180000
2046  0.240000
2047  1.900000
2048  0.000000
